0.301470
0.880666
0.592997
0.133244
0.027182
0.918282
0.118963
0.763649
0.964689
0.985069
0.489210
0.882589
0.445998
0.704321
0.050912
0.997823
0.656576
0.702902
0.906987
0.720559
0.277465
0.110002
0.015844
0.531373
0.095926
0.124459
0.506735
0.598987
0.909589
0.938570
0.068495
0.156885
0.610355
0.689878
0.827028
0.037666
0.300448
0.982395
0.229609
0.995203
0.374155
0.882879
0.515010
0.917350
0.341152
0.991817
0.027721
0.352158
0.851322
0.731169
0.531210
0.350750
0.233667
0.791772
0.116508
0.887979
0.929497
0.722072
0.315260
0.976461
0.868056
0.120423
0.719781
0.506593
0.742583
0.061840
0.919009
0.848990
0.498554
0.708423
0.666005
0.815116
0.336680
0.060449
0.059936
0.779357
0.124610
0.099904
0.272899
0.738901
0.259725
0.534067
0.643919
0.423641
0.272486
0.510019
0.125666
0.916964
0.441071
0.082259
0.645021
0.007758
0.046984
0.561293
0.599508
0.246377
0.013755
0.450646
0.431818
0.831141
0.382423
0.944282
0.611378
0.980201
0.677659
0.675746
0.986165
0.540481
0.819486
0.537564
0.536328
0.944222
0.583631
0.508034
0.196705
0.461073
0.110004
0.617307
0.451799
0.241022
0.996084
0.939947
0.501496
0.628293
0.784248
0.963399
0.065644
0.105606
0.604416
0.648542
0.056666
0.337164
0.571071
0.530326
0.038269
0.587636
0.073799
0.727686
0.400700
0.294413
0.133966
0.987726
0.751819
0.330930
0.024334
0.260680
0.047556
0.280864
0.798107
0.354719
0.206380
0.677062
0.864844
0.198949
0.318988
0.039870
0.088857
0.303886
0.938604
0.029251
0.456839
0.772705
0.865428
0.977706
0.024163
0.503400
0.336922
0.827816
0.121575
0.759629
0.055724
0.883458
0.234212
0.219478
0.970590
0.225000
0.057313
0.561974
0.130954
0.031374
0.008488
0.707687
0.085425
0.653690
0.249194
0.096810
0.388547
0.971197
0.826398
0.273664
0.421747
0.809083
0.984409
0.971250
0.609097
0.797031
0.919804
0.022726
0.782324
0.146081
0.180527
0.771909
0.454679
0.276741
0.367966
0.599823
0.696508
0.120482
0.298537
0.760962
0.813090
0.128270
0.057141
0.884106
0.452942
0.616562
0.770537
0.258849
0.381135
0.009094
0.997616
0.302049
0.542234
0.936537
0.543857
0.119951
0.721384
0.560565
0.881461
0.586631
0.885116
0.964365
0.228802
0.699454
0.040200
0.051894
0.970762
0.090039
0.868656
0.742466
0.649937
0.109353
0.688642
0.825049
0.830412
0.066304
0.962806
0.100576
0.435618
0.809366
0.996288
0.752389
0.553410
0.131281
0.325880
0.787875
0.076839
0.670385
0.988170
0.088684
0.789885
0.407199
0.804342
0.840866
0.638349
0.968207
0.314986
0.909799
0.908633
0.909790
0.196971
0.020244
0.482001
0.518039
0.995299
0.346233
0.925815
0.023989
0.129229
0.002938
0.636461
0.222548
0.431065
0.912678
0.642755
0.131302
0.622100
0.685294
0.990262
0.977269
0.292260
0.195731
0.969589
0.523241
0.359373
0.650348
0.207887
0.019084
0.007868
0.071429
0.156815
0.818174
0.554189
0.165460
0.276510
0.391445
0.821821
0.870218
0.920593
0.130358
0.928556
0.637419
0.072694
0.027840
0.277888
0.761431
0.683764
0.218936
0.779844
0.543241
0.235705
0.263030
0.644877
0.247087
0.589871
0.986489
0.744952
0.332148
0.747408
0.076264
0.041478
0.566664
0.755980
0.608984
0.928002
0.076990
0.557180
0.975695
0.819785
0.115993
0.095131
0.013140
0.676766
0.999144
0.563427
0.835231
0.797133
0.982591
0.944949
0.997036
0.223962
0.996108
0.952242
0.148939
0.990728
0.999216
0.976262
0.938497
0.980213
0.909028
0.109119
0.196590
0.993063
0.991617
0.166621
0.100468
0.980348
0.896063
0.088939
0.065515
0.668599
0.995456
0.837960
0.885743
0.504803
0.932034
0.957551
0.807410
0.033353
0.536294
0.999804
0.899188
0.477724
0.489044
0.697490
0.835306
0.477674
0.870679
0.071259
0.289720
0.482553
0.324994
0.023058
0.373849
0.486985
0.944957
0.180091
0.757598
0.552351
0.186859
0.078553
0.367657
0.939704
0.963841
0.225728
0.342040
0.102928
0.050827
0.673193
0.397867
0.978333
0.710514
0.624728
0.199345
0.280206
0.652567
0.945561
0.052844
0.646570
0.109635
0.087327
0.455830
0.943426
0.181930
0.554610
0.977775
0.729946
0.999854
0.778089
0.836865
0.186205
0.911291
0.194976
0.680911
0.552043
0.850692
0.115381
0.719037
0.427882
0.844473
0.050641
0.492769
0.987124
0.492262
0.299220
0.040257
0.021207
0.685725
0.040225
0.683139
0.946057
0.603376
0.266334
0.431115
0.918694
0.965404
0.053900
0.783593
0.095276
0.667595
0.501136
0.940973
0.813611
0.193085
0.028109
0.889296
0.897829
0.222228
0.902769
0.771173
0.035499
0.902318
0.880960
0.957808
0.759195
0.362653
0.346000
0.854647
0.928192
0.771152
0.830233
0.893214
0.973295
0.983946
0.834116
0.597301
0.141981
0.201875
0.759195
0.902930
0.965317
0.522087
0.589740
0.348972
0.645752
0.901512
0.228552
0.707019
0.958630
0.938068
0.786747
0.071093
0.979356
0.521329
0.988187
0.999073
0.535014
0.130826
0.097165
0.979734
0.470982
0.834030
0.870298
0.624363
0.576097
0.529115
0.062731
0.076613
0.503389
0.493137
0.878995
0.974685
0.936246
0.944260
0.124469
0.324583
0.921037
0.445187
0.396805
0.054377
0.876940
0.953655
0.573060
0.231667
0.992766
0.903557
0.032118
0.521480
0.582669
0.164865
0.637884
0.170580
0.994505
0.831557
0.008220
0.822514
0.855044
0.942148
0.900086
0.281846
0.076883
0.951159
0.823072
0.996155
0.887078
0.919883
0.723055
0.158072
0.501435
0.417511
0.009613
0.818559
0.996969
0.820500
0.080250
0.046498
0.122629
0.012801
0.674257
0.673881
0.775267
0.926938
0.658316
0.556054
0.491580
0.777596
0.812169
0.250448
0.184345
0.062939
0.297138
0.752144
0.303874
0.663296
0.220034
0.211595
0.396609
0.795930
0.550541
0.871242
0.231868
0.092855
0.495072
0.837205
0.380218
0.868506
0.997352
0.056120
0.377647
0.209004
0.847925
0.429041
0.686081
0.992273
0.927959
0.760879
0.699844
0.906335
0.349803
0.936050
0.319039
0.214313
0.498661
0.048787
0.960716
0.197711
0.431091
0.666435
0.884738
0.029518
0.687464
0.937652
0.629039
0.874519
0.034078
0.975577
0.166663
0.442397
0.678882
0.977190
0.369275
0.270678
0.066210
0.163991
0.013054
0.940606
0.542017
0.831314
0.068428
0.874977
0.508572
0.637133
0.983373
0.680545
0.954920
0.304592
0.897638
0.069738
0.961861
0.654296
0.712679
0.886046
0.062433
0.672398
0.955840
0.955107
0.893130
0.305346
0.836316
0.470359
0.757970
0.899803
0.751612
0.380920
0.329258
0.886475
0.657772
0.707940
0.026948
0.710331
0.431375
0.907194
0.213362
0.548584
0.729688
0.519741
0.842613
0.833268
0.964001
0.299221
0.057825
0.092763
0.014170
0.507924
0.509827
0.671548
0.797273
0.043540
0.195546
0.010360
0.412081
0.410448
0.789921
0.868679
0.739807
0.808377
0.454754
0.516306
0.473371
0.826202
0.924292
0.407154
0.246956
0.351956
0.076825
0.041612
0.856905
0.999633
0.364741
0.011925
0.300199
0.920621
0.652630
0.816219
0.971188
0.189686
0.339156
0.039512
0.247704
0.256362
0.849457
0.960235
0.962424
0.895867
0.924414
0.247473
0.809757
0.811219
0.495835
0.513094
0.909005
0.455212
0.260634
0.015372
0.181332
0.472644
0.138274
0.459048
0.401011
0.313049
0.928443
0.877738
0.648303
0.517102
0.938712
0.469391
0.064726
0.885414
0.190284
0.613044
0.643679
0.865077
0.901501
0.742259
0.593939
0.609755
0.077282
0.118039
0.562737
0.134207
0.020096
0.957640
0.364433
0.412294
0.941981
0.017591
0.881865
0.853024
0.027348
0.725461
0.717129
0.110106
0.678730
0.722457
0.026615
0.492073
0.690574
0.904226
0.902562
0.778399
0.900456
0.872323
0.948641
0.426622
0.134233
0.718321
0.146071
0.850717
0.699942
0.718004
0.579207
0.662060
0.690602
0.226891
0.016700
0.978049
0.815563
0.914673
0.172966
0.125836
0.496738
0.944481
0.064975
0.680920
0.040941
0.183433
0.988456
0.949603
0.665616
0.228929
0.054219
0.564602
0.991116
0.012367
0.989946
0.512535
0.142959
0.670649
0.532625
0.170851
0.983706
0.770769
0.166549
0.699849
0.095175
0.775461
0.742222
0.292365
0.202800
0.997318
0.041069
0.644342
0.395263
0.487808
0.932773
0.289483
0.570295
0.346282
0.984151
0.184617
0.941739
0.991454
0.698391
0.097857
0.127701
0.744559
0.901361
0.477698
0.442429
0.099154
0.055470
0.543586
0.357291
0.974438
0.989490
0.197801
0.620526
0.192648
0.921450
0.288708
0.321943
0.059166
0.881585
0.896574
0.018420
0.918619
0.378873
0.071410
0.225851
0.710656
0.969195
0.408318
0.781968
0.289624
0.824302
0.030809
0.418428
0.241103
0.408831
0.775682
0.097634
0.232234
0.010820
0.082157
0.427828
0.622298
0.196023
0.186611
0.205862
0.112617
0.788330
0.811137
0.728296
0.794548
0.423954
0.873440
0.187618
0.949700
0.916300
0.302012
0.105492
0.462538
0.716736
0.941928
0.760114
0.350518
0.707224
0.761368
0.975170
0.201619
0.391205
0.976883
0.909653
0.959444
0.112223
0.993157
0.976495
0.546887
0.144603
0.712422
0.922415
0.862489
0.131977
0.316335
0.019073
0.193329
0.835255
0.018590
0.607415
0.197786
0.230045
0.019989
0.171173
0.526624
0.348907
0.346140
0.465075
0.158098
0.066942
0.670027
0.914515
0.435871
0.295998
0.417629
0.390747
0.859116
0.991124
0.987858
0.128960
0.403123
0.837522
0.116848
0.976801
0.915614
0.120399
0.546689
0.864970
0.035589
0.491894
0.184883
0.843393
0.485283
0.707700
0.407831
0.829908
0.653120
0.835877
0.586711
0.885885
0.291092
0.895023
0.071314
0.984472
0.851365
0.534835
0.393254
0.102032
0.839436
0.250490
0.854096
0.972865
0.829117
0.836127
0.987395
0.652066
0.791537
0.946063
0.818551
0.224531
0.387552
0.332697
0.148472
0.423223
0.969754
0.914247
0.051941
0.646123
0.944390
0.605510
0.993751
0.053246
0.713787
0.402647
0.903797
0.632498
0.091204
0.383910
0.716467
0.738149
0.415990
0.798561
0.824133
0.987132
0.214629
0.011925
0.249277
0.169526
0.357474
0.900502
0.145165
0.260747
0.157802
0.940443
0.708327
0.869230
0.750458
0.205464
0.052007
0.367890
0.116289
0.518662
0.081234
0.450304
0.737603
0.371471
0.471061
0.545226
0.229693
0.928309
0.871950
0.046172
0.775866
0.807938
0.267426
0.836170
0.488364
0.616795
0.490986
0.180323
0.351105
0.434816
0.454158
0.909804
0.208743
0.063608
0.539997
0.750238
0.516541
0.057442
0.812900
0.447172
0.542329
0.040479
0.554908
0.140823
0.502592
0.684584
0.826637
0.380268
0.491695
0.905310
0.007490
0.429154
0.818752
0.319184
0.393859
0.977391
0.027439
0.074859
0.873428
0.064134
0.889256
0.051354
0.170485
0.987864
0.498249
0.361598
0.906248
0.127442
0.869353
0.855013
0.917543
0.980737
0.975655
0.208337
0.988544
0.954670
0.993045
0.041683
0.702761
0.619023
0.987876
0.883136
0.120392
0.670993
0.409677
0.880075
0.029097
0.559898
0.531637
0.158860
0.396309
0.492262
0.116553
0.076706
0.111613
0.066292
0.524947
0.267819
0.174704
0.602048
0.525525
0.878570
0.199250
0.927841
0.712094
0.562597
0.711474
0.948961
0.993895
0.983219
0.044894
0.019286
0.610339
0.035269
0.162348
0.901280
0.248009
0.024531
0.528971
0.729327
0.730456
0.071987
0.959401
0.525316
0.014549
0.090623
0.701594
0.378220
0.668414
0.838001
0.986050
0.916989
0.182590
0.009724
0.508830
0.631828
0.053226
0.315938
0.184055
0.286198
0.741824
0.905662
0.944906
0.972555
0.356920
0.787238
0.470806
0.894729
0.508177
0.924696
0.770535
0.856206
0.472279
0.462518
0.681750
0.337093
0.989085
0.209635
0.346587
0.284172
0.751451
0.756165
0.624377
0.994738
0.888214
0.789273
0.162018
0.348340
0.028528
0.044369
0.012446
0.859438
0.250616
0.180805
0.249663
0.572053
0.030645
0.443926
0.326886
0.226508
0.972658
0.055917
0.468201
0.858114
0.595885
0.121481
0.522486
0.025494
0.764158
0.043224
0.549303
0.067336
0.325214
0.362979
0.805388
0.232671
0.076000
0.527633
0.100002
0.264922
0.986857
0.486717
0.166057
0.713736
0.250073
0.865288
0.989575
0.719111
0.024977
0.822997
0.120551
0.874950
0.409540
0.994635
0.403774
0.770940
0.412748
0.528139
0.695787
0.776548
0.097308
0.833083
0.476216
0.210538
0.967451
0.736341
0.943539
0.081167
0.968152
0.178423
0.880732
0.387267
0.591467
0.053581
0.273721
0.063704
0.427538
0.053301
0.805126
0.417225
0.139674
0.500722
0.152585
0.761208
0.565247
0.852299
0.183553
0.902070
0.038349
0.634751
0.079048
0.822426
0.145274
0.481674
0.998672
0.921337
0.879661
0.165048
0.999449
1.000000
0.564574
0.534613
0.079183
0.166307
0.145103
0.405262
0.564181
0.448565
0.931477
0.875314
0.526794
0.943512
0.301757
0.963615
0.996838
0.832339
0.730310
0.027550
0.934388
0.833335
0.034759
0.920222
0.916091
0.860255
0.992890
0.189992
0.043508
0.765532
0.795655
0.311388
0.394209
0.392378
0.277411
0.035308
0.744656
0.333619
0.112980
0.848030
0.569632
0.054099
0.885781
0.739082
0.983210
0.846346
0.861353
0.932720
0.525376
0.054081
0.770477
0.292793
0.269291
0.004518
0.480912
0.262360
0.521122
0.825707
0.828497
0.026639
0.663279
0.835967
0.119522
0.998478
0.735081
0.727410
0.064876
0.990129
0.976451
0.720182
0.033193
0.526767
0.967155
0.081405
0.954356
0.324906
0.128311
0.986700
0.828907
0.778779
0.455841
0.869532
0.949027
0.953250
0.824360
0.472142
0.459811
0.868458
0.912243
0.962797
0.036818
0.070427
0.062017
0.287564
0.951337
0.108192
0.404431
0.341011
0.226551
0.837760
0.409650
0.854139
0.188202
0.080631
0.178338
0.365484
0.953117
0.086985
0.035534
0.938471
0.988222
0.682045
0.184847
0.490891
0.989767
0.382300
0.065174
0.588354
0.053761
0.897630
0.942040
0.034068
0.312119
0.202666
0.588090
0.909236
0.886864
0.715080
0.013632
0.664223
0.911957
0.824507
0.038533
0.435681
0.868489
0.073624
0.452658
0.223447
0.396704
0.106681
0.213840
0.113444
0.142944
0.998110
0.155414
0.001424
0.075838
0.586743
0.057374
0.260445
0.171295
0.375066
0.946847
0.052427
0.658111
0.503648
0.769308
0.422467
0.569011
0.656134
0.537712
0.604700
0.481044
0.982050
0.318350
0.851676
0.438259
0.571525
0.314280
0.222187
0.973981
0.884090
0.801593
0.298942
0.820436
0.526372
0.967057
0.026199
0.753861
0.966424
0.100725
0.611062
0.613115
0.915235
0.378894
0.355559
0.939644
0.273563
0.131960
0.829148
0.861591
0.029849
0.078493
0.246947
0.525463
0.603520
0.956427
0.017529
0.911150
0.899225
0.646575
0.401042
0.963296
0.040933
0.156808
0.238562
0.578791
0.055349
0.241420
0.864569
0.792763
0.004306
0.003930
0.610013
0.851920
0.832653
0.491662
0.331973
0.849882
0.694612
0.958949
0.975131
0.026711
0.849920
0.996459
0.439359
0.918508
0.946749
0.385560
0.521702
0.990660
0.830968
0.157498
0.545059
0.957686
0.288972
0.325824
0.188079
0.907379
0.811500
0.190242
0.211414
0.129182
0.023806
0.011186
0.787554
0.113425
0.989595
0.498554
0.358702
0.843902
0.875904
0.844724
0.978063
0.592115
0.049339
0.006096
0.513385
0.958448
0.876107
0.129557
0.014011
0.019341
0.631722
0.104959
0.616007
0.926360
0.452179
0.132655
0.654483
0.375454
0.694624
0.261432
0.972498
0.982718
0.940423
0.864444
0.695257
0.386184
0.755178
0.999901
0.267104
0.303684
0.925778
0.998200
0.009233
0.972327
0.219384
0.897180
0.036674
0.678729
0.924239
0.204622
0.941575
0.011551
0.008679
0.819363
0.990072
0.419730
0.778455
0.843459
0.704896
0.986048
0.981063
0.700393
0.741399
0.308719
0.290032
0.019545
0.114495
0.287745
0.485690
0.222519
0.859817
0.994150
0.277523
0.976481
0.999683
0.939759
0.144195
0.138430
0.686510
0.761850
0.163671
0.444226
0.676653
0.111380
0.240250
0.273576
0.760140
0.989133
0.205513
0.247717
0.934293
0.643660
0.887961
0.803263
0.175880
0.694385
0.998813
0.731467
0.140811
0.138539
0.009269
0.914773
0.538235
0.007794
0.200019
0.988177
0.987715
0.035949
0.403553
0.083094
0.023017
0.096280
0.487886
0.378317
0.977785
0.401502
0.796602
0.332098
0.737601
0.878905
0.955585
0.198793
0.855444
0.760749
0.664003
0.710303
0.541317
0.213850
0.245991
0.075169
0.008126
0.156598
0.050204
0.797099
0.310698
0.406300
0.899418
0.948448
0.067532
0.353563
0.172505
0.020188
0.049196
0.930077
0.834443
0.896069
0.125412
0.032840
0.761086
0.766716
0.394105
0.083779
0.185907
0.878972
0.869399
0.025845
0.889719
0.941074
0.005772
0.616569
0.417953
0.634870
0.992485
0.085904
0.031225
0.130078
0.775982
0.102246
0.799072
0.568214
0.329209
0.018885
0.226327
0.445558
0.565568
0.704766
0.460098
0.973480
0.107487
0.231207
0.863633
0.029481
0.994694
0.898664
0.696387
0.274586
0.089844
0.794866
0.762309
0.933795
0.984631
0.224278
0.191348
0.066652
0.112777
0.783296
0.533710
0.618657
0.661911
0.107483
0.755279
0.701452
0.677531
0.884399
0.067002
0.005338
0.683406
0.841979
0.790917
0.797064
0.059644
0.797086
0.663475
0.934997
0.211524
0.135089
0.456878
0.061588
0.178091
0.004107
0.864206
0.090764
0.723543
0.810269
0.832267
0.984666
0.113475
0.955553
0.849373
0.681666
0.432613
0.075718
0.696532
0.288831
0.339717
0.991060
0.921847
0.585090
0.814106
0.206685
0.166757
0.922596
0.101474
0.765635
0.433267
0.072026
0.196207
0.660712
0.061277
0.202603
0.307521
0.592770
0.708229
0.475693
0.299209
0.145783
0.993587
0.901435
0.618630
0.950102
0.140258
0.507114
0.724620
0.756543
0.273293
0.341296
0.572924
0.243135
0.036849
0.803152
0.943682
0.918157
0.082287
0.827093
0.031920
0.088756
0.995083
0.068513
0.005011
0.180059
0.640719
0.500887
0.655169
0.970330
0.395645
0.987055
0.140082
0.821938
0.057322
0.458011
0.909505
0.584401
0.019989
0.983688
0.080570
0.635353
0.195690
0.823555
0.210653
0.386545
0.564357
0.616915
0.058937
0.799212
0.381823
0.175490
0.684430
0.632649
0.692584
0.846770
0.426782
0.583328
0.558139
0.970360
0.584607
0.041243
0.486757
0.576486
0.841397
0.716950
0.683272
0.995536
0.436626
0.822022
0.442429
0.938246
0.597142
0.131417
0.834005
0.320617
0.032402
0.235750
0.846139
0.157773
0.675023
0.125572
0.859114
0.820459
0.069290
0.217636
0.033349
0.260972
0.003991
0.800104
0.609188
0.124576
0.843312
0.661317
0.574313
0.055577
0.057602
0.861660
0.180088
0.249610
0.707608
0.993689
0.560873
0.702387
0.438659
0.561713
0.961576
0.218446
0.112326
0.016977
0.478268
0.027804
0.940030
0.886285
0.163722
0.714992
0.969940
0.308656
0.022918
0.784780
0.410903
0.840659
0.857591
0.517952
0.754635
0.736234
0.979164
0.033541
0.379552
0.770756
0.018196
0.747865
0.159863
0.847501
0.432173
0.966151
0.955391
0.500049
0.503482
0.400355
0.531011
0.851595
0.101196
0.247641
0.711881
0.588040
0.721140
0.821746
0.196690
0.057821
0.778748
0.945527
0.959541
0.521580
0.978377
0.239436
0.907194
0.106403
0.011046
0.120388
0.967339
0.929016
0.358780
0.806097
0.045010
0.214988
0.002640
0.966542
0.414010
0.892003
0.493174
0.813720
0.442405
0.541340
0.775903
0.345036
0.582619
0.099944
0.687196
0.057395
0.899950
0.837032
0.143296
0.057158
0.877287
0.986488
0.142939
0.807804
0.797019
0.031844
0.591154
0.158452
0.130195
0.439930
0.180099
0.130648
0.136925
0.758766
0.283873
0.834924
0.657128
0.177697
0.537431
0.965460
0.549513
0.293010
0.978219
0.927931
0.741415
0.697493
0.834283
0.222471
0.890580
0.468166
0.987132
0.504311
0.786235
0.904426
0.777916
0.009432
0.564309
0.425591
0.506372
0.381026
0.992303
0.578365
0.732184
0.262731
0.692303
0.981286
0.974150
0.795219
0.674589
0.022186
0.539084
0.126245
0.716717
0.967809
0.161282
0.388433
0.064960
0.515597
0.734305
0.925491
0.550272
0.860329
0.714142
0.983858
0.806372
0.017344
0.468737
0.766078
0.812066
0.998857
0.045401
0.988514
0.750802
0.886618
0.913170
0.060523
0.582109
0.967790
0.892243
0.070041
0.089989
0.513784
0.997283
0.620837
0.775820
0.898645
0.064067
0.799681
0.216248
0.939048
0.431620
0.231536
0.057667
0.139654
0.741291
0.445199
0.881515
0.109229
0.982223
0.671241
0.984039
0.974060
0.878006
0.643682
0.283299
0.060863
0.928999
0.680284
0.131014
0.585665
0.819351
0.818883
0.429989
0.395512
0.300457
0.147779
0.324179
0.027432
0.888854
0.047792
0.991381
0.205578
0.884513
0.213948
0.989119
0.450596
0.448907
0.836869
0.412646
0.493684
0.262490
0.010971
0.867811
0.219508
0.634800
0.886107
0.960276
0.886770
0.413253
0.856251
0.155642
0.431059
0.615681
0.851749
0.926829
0.994210
0.964047
0.853282
0.091673
0.976922
0.832281
0.014429
0.989135
0.384766
0.398966
0.873119
0.384991
0.184390
0.912671
0.450627
0.803846
0.891010
0.309095
0.589625
0.015436
0.041846
0.006809
0.536103
0.929214
0.093587
0.122217
0.898711
0.825915
0.838526
0.676331
0.253157
0.954928
0.018075
0.339984
0.983840
0.530797
0.225577
1.000000
0.708496
0.365182
0.051990
0.980863
0.212261
0.897460
0.151966
0.366910
0.473599
0.364304
0.754861
0.251285
0.335975
0.326944
0.033288
0.562682
0.993832
0.982354
0.650699
0.727334
0.029572
0.460094
0.285247
0.856518
0.014470
0.269205
0.205220
0.868555
0.775907
0.101558
0.212352
0.273420
0.889798
0.073465
0.972440
0.409273
0.760071
0.910442
0.063117
0.311745
0.692328
0.242843
0.468777
0.130563
0.501888
0.714022
0.078056
0.052954
0.910059
0.786921
0.763978
0.037647
0.983274
0.500918
0.901963
0.410052
0.260524
0.988050
0.230326
0.048918
0.135005
0.293018
0.912112
0.991913
0.203875
0.100188
0.776957
0.228625
0.024174
0.994721
0.396117
0.368558
0.177496
0.998915
0.226953
0.927347
0.383254
0.852538
0.112974
0.177553
0.073457
0.263806
0.650730
0.058103
0.837140
0.831967
0.380522
0.951295
0.905552
0.066904
0.849066
0.129773
0.156701
0.549238
0.421390
0.251986
0.099379
0.807739
0.038473
0.106545
0.363358
0.196435
0.455763
0.592714
0.565152
0.360184
0.356430
0.991354
0.032556
0.060240
0.441507
0.777698
0.899302
0.095444
0.951127
0.637678
0.400453
0.681855
0.886969
0.842486
0.292625
0.440623
0.164225
0.985383
0.123064
0.028895
0.987964
0.030918
0.859553
0.909928
0.005173
0.005611
0.673534
0.824186
0.864579
0.110945
0.167551
0.381404
0.375790
0.470804
0.868237
0.043431
0.105505
0.971309
0.316373
0.929259
0.909101
0.219993
0.961675
0.376656
0.692732
0.272764
0.043261
0.088829
0.181242
0.099711
0.719872
0.073504
0.053885
0.429558
0.560323
0.742580
0.395126
0.224017
0.685557
0.468374
0.172307
0.903246
0.238952
0.724263
0.058197
0.997857
0.743806
0.664568
0.061589
0.988326
0.783508
0.857679
0.539242
0.023293
0.984094
0.628311
0.922398
0.442928
0.563097
0.423475
0.523877
0.267116
0.430899
0.272875
0.338215
0.641014
0.652505
0.758772
0.277757
0.999912
0.103555
0.272666
0.780575
0.762762
0.871713
0.831288
0.855481
0.783529
0.853499
0.899865
0.103590
0.977137
0.613345
0.262206
0.216862
0.413175
0.166830
0.052318
0.337373
0.810122
0.932891
0.064244
0.557487
0.494747
0.693537
0.860423
0.444360
0.987823
0.719092
0.134476
0.934483
0.042604
0.836937
0.216314
0.806869
0.613847
0.255039
0.544539
0.666028
0.878243
0.733378
0.415130
0.889917
0.336975
0.960673
0.743145
0.243689
0.629757
0.200122
0.182640
0.725928
0.990173
0.572368
0.821619
0.428476
0.723298
0.956382
0.364191
0.056144
0.617138
0.423826
0.362184
0.920463
0.116264
0.900175
0.995064
0.673432
0.844593
0.291199
0.364731
0.106380
0.472722
0.071681
0.678888
0.854555
0.752417
0.098638
0.561566
0.166825
0.164517
0.448943
0.743827
0.945427
0.826684
0.247853
0.576762
0.296231
0.189721
0.300355
0.527877
0.562516
0.982091
0.824624
0.282013
0.797801
0.548558
0.913374
0.987385
0.036659
0.408939
0.037727
0.155487
0.903842
0.110130
0.210086
0.060959
0.729307
0.760327
0.154296
0.831511
0.153665
0.536397
0.959047
0.010313
0.143610
0.462283
0.881193
0.097468
0.352138
0.863049
0.901186
0.911240
0.251810
0.947575
0.335699
0.721402
0.900148
0.068671
0.168812
0.225788
0.976727
0.426729
0.943910
0.606849
0.366893
0.006268
0.676115
0.112954
0.397985
0.429161
0.399766
0.983407
0.040388
0.096217
0.661314
0.205225
0.655810
0.708643
0.695500
0.819371
0.382202
0.441505
0.854069
0.212472
0.829038
0.321938
0.954458
0.018804
0.976088
0.136877
0.579903
0.825074
0.901004
0.665437
0.904151
0.883279
0.196230
0.793289
0.807125
0.934044
0.990453
0.047443
0.699797
0.700204
0.982189
0.757163
0.967063
0.975650
0.890730
0.331628
0.471101
0.928140
0.592184
0.120473
0.662554
0.874524
0.225041
0.603371
0.945402
0.613093
0.974172
0.110327
0.591227
0.805558
0.060930
0.440209
0.315872
0.048310
0.053032
0.094501
0.585960
0.778645
0.066540
0.503061
0.886141
0.187000
0.756019
0.597425
0.085942
0.023926
0.997645
0.087013
0.252449
0.929121
0.613587
0.766690
0.196889
0.559433
0.888170
0.874175
0.742384
0.828896
0.268420
0.823694
0.664190
0.760004
0.919487
0.543649
0.042128
0.049377
0.658400
0.039390
0.460018
0.654135
0.097444
0.919531
0.173379
0.405577
0.121192
0.054906
0.071024
0.398010
0.108256
0.417271
0.220601
0.411900
0.808596
0.499679
0.926535
0.295099
0.059677
0.951071
0.483705
0.184573
0.638271
0.266223
0.977792
0.268864
0.802894
0.718234
0.699007
0.430683
0.058400
0.580043
0.995339
0.728806
0.975247
0.006531
0.785223
0.829733
0.143541
0.993983
0.959370
0.241594
0.823422
0.993094
0.339272
0.255441
0.124406
0.964547
0.969131
0.771390
0.281405
0.004649
0.107326
0.392303
0.840330
0.635171
0.893426
0.730736
0.888558
0.903635
0.857787
0.726497
0.992965
0.902576
0.445611
0.727143
0.204471
0.809254
0.993133
0.685811
0.520279
0.459186
0.997368
0.884918
0.719912
0.496256
0.664551
0.735146
0.040011
0.233239
0.224675
0.181293
0.901325
0.099670
0.123748
0.989624
0.904949
0.424682
0.703307
0.059698
0.929125
0.087502
0.547555
0.913742
0.727402
0.230159
0.303546
0.926994
0.934422
0.542462
0.089948
0.727928
0.991431
0.073535
0.205616
0.480343
0.993495
0.686931
0.236200
0.381291
0.055083
0.324848
0.788340
0.111817
0.333699
0.672319
0.952802
0.999386
0.552433
0.067512
0.611359
0.429899
0.064778
0.907146
0.372663
0.032190
0.017344
0.649564
0.963712
0.803401
0.920300
0.599971
0.983688
0.830843
0.302736
0.065538
0.549244
0.193851
0.815519
0.665186
0.063833
0.647386
0.297277
0.089291
0.910080
0.011379
0.903586
0.543393
0.053078
0.178806
0.178352
0.198508
0.995120
0.298724
0.853538
0.413446
0.594654
0.481148
0.015786
0.518143
0.147533
0.826169
0.980693
0.386275
0.058249
0.653359
0.808463
0.482725
0.021059
0.815141
0.413983
0.997596
0.108350
0.960925
0.048038
0.908892
0.974424
0.893967
0.955749
0.973184
0.808692
0.069077
0.081399
0.932263
0.480929
0.054023
0.981312
0.907461
0.057305
0.010176
0.860754
0.176329
0.994706
0.392399
0.783427
0.581489
0.533411
0.158420
0.966710
0.811127
0.402817
0.896483
0.982443
0.920120
0.821540
0.223097
0.170325
0.431566
0.992221
0.512632
0.571139
0.848733
0.133621
0.965610
0.745112
0.295124
0.879404
0.887010
0.615405
0.748621
0.969989
0.152549
0.928703
0.806989
0.051052
0.474450
0.157955
0.703696
0.160550
0.280194
0.985114
0.939151
0.871371
0.390898
0.213890
0.839222
0.672206
0.804566
0.008230
0.395806
0.919208
0.422671
0.156520
0.932264
0.533943
0.766948
0.108225
0.197897
0.288885
0.661146
0.476041
0.435356
0.270835
0.686988
0.274418
0.953629
0.974836
0.474880
0.030379
0.778697
0.787714
0.167539
0.995657
0.246527
0.449303
0.159045
0.497850
0.961367
0.738446
0.958465
0.585256
0.932925
0.073116
0.213672
0.307354
0.989595
0.057543
0.552876
0.083780
0.369786
0.212421
0.872892
0.223990
0.567289
0.747868
0.055001
0.352534
0.914699
0.877872
0.767799
0.840679
0.604703
0.704462
0.058353
0.133507
0.781983
0.029577
0.116203
0.985981
0.004822
0.473962
0.004576
0.063977
0.863882
0.962209
0.537098
0.666945
0.447706
0.899608
0.065608
0.843212
0.757576
0.105034
0.303289
0.916981
0.809791
0.986930
0.428612
0.869158
0.257025
0.064005
0.399133
0.984775
0.223511
0.517722
0.111920
0.201825
0.219512
0.504390
0.625156
0.419994
0.740693
0.083992
0.231359
0.973633
0.880622
0.151525
0.131247
0.190660
0.041203
0.886591
0.776411
0.728960
0.300813
0.211983
0.043934
0.716601
0.106557
0.825515
0.309672
0.240393
0.999788
0.785118
0.012538
0.205856
0.996624
0.098908
0.565089
0.979887
0.896472
0.965768
0.370412
0.035692
0.384464
0.779735
0.894229
0.397193
0.892237
0.611715
0.001752
0.142793
0.222147
0.728398
0.383615
0.905315
0.665538
0.640150
0.095562
0.998439
0.177384
0.013829
0.016954
0.608299
0.940757
0.078994
0.692389
0.219335
0.301502
0.047949
0.614537
0.124946
0.170050
0.582253
0.686332
0.076189
0.977049
0.977854
0.103036
0.020474
0.097405
0.125851
0.992832
0.392717
0.436747
0.645497
0.012274
0.469439
0.194599
0.600105
0.082289
0.515252
0.087937
0.947248
0.862140
0.707493
0.159631
0.299595
0.999380
0.275434
0.484957
0.573095
0.594374
0.332026
0.189292
0.999917
0.461494
0.766605
0.110765
0.683593
0.141032
0.691099
0.616934
0.828953
0.955956
0.179338
0.653896
0.369271
0.676808
0.119794
0.219297
0.409631
0.207692
0.566196
0.208941
0.494307
0.778972
0.246715
0.179590
0.718317
0.336472
0.826745
0.090833
0.526470
0.605116
0.491677
0.326441
0.989790
0.815557
0.401292
0.292001
0.231263
0.028122
0.055017
0.790347
0.658904
0.640205
0.715140
0.819593
0.261641
0.454283
0.451390
0.345885
0.246277
0.020289
0.838640
0.022541
0.304337
0.395821
0.589494
0.904954
0.984150
0.056873
0.866109
0.245245
0.178921
0.277539
0.043496
0.797035
0.422606
0.590242
0.756812
0.406603
0.347017
0.499593
0.079604
0.227831
0.503730
0.834808
0.914753
0.999618
0.245623
0.979774
0.684252
0.483715
0.982759
0.743445
0.071140
0.141728
0.248825
0.999119
0.717416
0.892201
0.969704
0.150223
0.811854
0.879510
0.066796
0.798423
0.138813
0.962611
0.326192
0.374833
0.064901
0.802631
0.021755
0.008595
0.509889
0.171239
0.471591
0.975571
0.748989
0.995509
0.978838
0.161694
0.123326
0.964785
0.916818
0.072984
0.996902
0.998364
0.384848
0.270782
0.335658
0.673773
0.489803
0.327394
0.083982
0.862324
0.091219
0.955261
0.898361
0.566706
0.370204
0.943849
0.060618
0.875373
0.598681
0.605616
0.021463
0.982469
0.995893
0.491534
0.966369
0.212683
0.526254
0.896543
0.863927
0.709482
0.600245
0.552659
0.619314
0.494182
0.628705
0.930292
0.697867
0.431475
0.038246
0.080477
0.369496
0.963371
0.134959
0.511238
0.946794
0.798122
0.398872
0.465287
0.430725
0.856837
0.553813
0.588270
0.069662
0.926732
0.429414
0.204855
0.832843
0.650611
0.698154
0.241491
0.187018
0.899355
0.045191
0.912074
0.277845
0.658228
0.909309
0.986982
0.073945
0.238676
0.972177
0.931059
0.020730
0.429854
0.858522
0.024806
0.675955
0.688402
0.270616
0.964804
0.088361
0.686929
0.633708
0.564688
0.424618
0.296991
0.800998
0.019004
0.950568
0.927049
0.921862
0.448303
0.940010
0.012948
0.999386
0.727660
0.852178
0.040583
0.604890
0.971804
0.865021
0.002216
0.093773
0.756561
0.891531
0.950608
0.144870
0.867572
0.700282
0.989162
0.347725
0.218567
0.426731
0.682172
0.039972
0.783046
0.457561
0.993089
0.263468
0.729526
0.829174
0.670990
0.114471
0.577370
0.710123
0.214963
0.935909
0.106125
0.349051
0.883070
0.042630
0.972411
0.752284
0.215717
0.108279
0.837020
0.939520
0.050694
0.542110
0.965097
0.592173
0.285522
0.479642
0.021263
0.067062
0.892064
0.176013
0.004576
0.886297
0.946583
0.959326
0.612092
0.529322
0.744942
0.651294
0.092886
0.323541
0.487214
0.927695
0.062351
0.869226
0.222832
0.758899
0.863800
0.990423
0.843699
0.825172
0.804347
0.027320
0.760790
0.489729
0.907694
0.992745
0.815409
0.445141
0.489712
0.959642
0.788160
0.076288
0.052449
0.812456
0.012475
0.408296
0.440719
0.548873
0.982107
0.985112
0.365351
0.031869
0.619690
0.618495
0.998869
0.201693
0.307976
0.912059
0.080891
0.225691
0.950592
0.884458
0.861849
0.762470
0.232054
0.410686
0.045090
0.746832
0.786964
0.233739
0.385320
0.623746
0.998310
0.023720
0.333727
0.171412
0.362163
0.354963
0.258240
0.212010
0.009182
0.125362
0.471808
0.490357
0.907324
0.078838
0.289440
0.992103
0.023653
0.064345
0.102672
0.268139
0.733885
0.277532
0.508541
0.740253
0.814558
0.323336
0.244364
0.353221
0.457617
0.493567
0.375365
0.856286
0.155913
0.979281
0.529475
0.364836
0.972630
0.737202
0.938839
0.826933
0.458642
0.750230
0.695426
0.560053
0.871957
0.854559
0.032022
0.876643
0.884213
0.558935
0.433002
0.437345
0.968399
0.257110
0.947737
0.063480
0.515070
0.493036
0.929899
0.151356
0.929935
0.361051
0.453666
0.620779
0.337162
0.592909
0.142721
0.030384
0.858920
0.828377
0.607717
0.045476
0.529941
0.063157
0.203074
0.668985
0.711216
0.731030
0.781313
0.467971
0.875092
0.063162
0.974383
0.259628
0.225252
0.705525
0.276435
0.123842
0.091330
0.846623
0.865723
0.753974
0.535789
0.963289
0.860008
0.473035
0.024096
0.932100
0.017443
0.670794
0.818614
0.785190
0.692576
0.977779
0.405034
0.583059
0.287394
0.188575
0.469517
0.524536
0.373877
0.999964
0.068454
0.674076
0.078578
0.453325
0.023927
0.711745
0.600226
0.830051
0.295701
0.960542
0.326550
0.794312
0.287872
0.048459
0.120037
0.176095
0.671585
0.902206
0.515919
0.017267
0.622552
0.988700
0.655187
0.258750
0.818848
0.914121
0.994348
0.916489
0.586348
0.200905
0.102880
0.962776
0.844725
0.453083
0.686597
0.981235
0.914099
0.335592
0.047319
0.602736
0.215408
0.219658
0.910618
0.997677
0.873572
0.832092
0.904091
0.987915
0.708327
0.172005
0.420334
0.041332
0.023211
0.907619
0.613523
0.937116
0.689640
0.538323
0.962687
0.013771
0.100944
0.624316
0.931596
0.753689
0.425587
0.679623
0.917285
0.685524
0.261218
0.989051
0.112015
0.238228
0.986747
0.989977
0.686720
0.083519
0.971983
0.342663
0.988255
0.155043
0.012091
0.084451
0.025147
0.873322
0.409298
0.321099
0.961649
0.334104
0.922290
0.984528
0.080174
0.886406
0.838975
0.006628
0.209240
0.477101
0.241203
0.735273
0.583964
0.978996
0.477470
0.139368
0.338023
0.698361
0.991772
0.147041
0.652870
0.916239
0.199358
0.575683
0.504988
0.519934
0.310083
0.215892
0.911362
0.884934
0.977844
0.046652
0.471723
0.331786
0.203577
0.932488
0.217471
0.377635
0.135191
0.931426
0.807027
0.344026
0.961095
0.800797
0.327340
0.021175
0.993605
0.017719
0.115295
0.850099
0.631449
0.549196
0.958296
0.136724
0.973158
0.095796
0.594721
0.439199
0.979723
0.994620
0.885356
0.966937
0.673821
0.783101
0.076851
0.051308
0.435903
0.303191
0.847130
0.900234
0.914040
0.005199
0.358674
0.819588
0.839009
0.119308
0.375364
0.846684
0.590012
0.173377
0.929167
0.990773
0.121977
0.092112
0.298949
0.058972
0.177246
0.829435
0.899239
0.275321
0.893821
0.044361
0.952634
0.073718
0.023918
0.463568
0.191459
0.721649
0.800989
0.813635
0.153793
0.302619
0.479410
0.174597
0.907521
0.272516
0.665007
0.814446
0.692753
0.983665
0.493843
0.260251
0.045484
0.343961
0.673465
0.007839
0.634484
0.677681
0.140126
0.972685
0.057331
0.439059
0.412404
0.076291
0.664606
0.792558
0.883982
0.218436
0.143243
0.756001
0.049631
0.817915
0.968519
0.579486
0.459575
0.925545
0.242434
0.024421
0.941036
0.683109
0.139452
0.108576
0.015942
0.153667
0.257424
0.580334
0.010480
0.484476
0.726029
0.822746
0.992818
0.010299
0.633700
0.017251
0.573299
0.018646
0.112882
0.137506
0.999595
0.044065
0.318504
0.765327
0.870178
0.014525
0.351512
0.650854
0.890133
0.990108
0.317619
0.881921
0.101337
0.155726
0.995032
0.975306
0.498808
0.823485
0.278677
0.430721
0.653895
0.306192
0.287829
0.865334
0.734491
0.204065
0.532338
0.292489
0.351623
0.180987
0.084194
0.464134
0.796295
0.658829
0.411575
0.056271
0.975791
0.996334
0.554854
0.368132
0.996205
0.299667
0.202724
0.712078
0.099023
0.870403
0.531827
0.861718
0.626867
0.863447
0.595569
0.712113
0.436597
0.918516
0.942536
0.099621
0.999042
0.987809
0.436607
0.137856
0.987202
0.245176
0.973061
0.041237
0.479353
0.335209
0.931829
0.993804
0.198680
0.514615
0.674845
0.176972
0.131662
0.371758
0.330055
0.746277
0.897482
0.368908
0.832540
0.086242
0.137044
0.051895
0.760398
0.123904
0.457981
0.961169
0.785658
0.825191
0.971108
0.637384
0.036479
0.979384
0.761985
0.989749
0.075712
0.488027
0.937919
0.847614
0.282872
0.328402
0.503650
0.871502
0.111269
0.155061
0.660924
0.149412
0.882798
0.611584
0.917180
0.672732
0.487592
0.462463
0.326991
0.360183
0.958314
0.945422
0.937597
0.028054
0.159383
0.996336
0.426115
0.504956
0.566132
0.167588
0.767609
0.444879
0.164654
0.452144
0.059605
0.991167
0.275950
0.294369
0.019700
0.006470
0.826501
0.198120
0.945283
0.114350
0.138352
0.910299
0.818581
0.504340
0.254535
0.586483
0.864924
0.057138
0.866855
0.663796
0.999514
0.914263
0.940944
0.497715
0.891203
0.952136
0.990658
0.047960
0.987699
0.644379
0.827725
0.276570
0.831665
0.567706
0.984980
0.863695
0.638548
0.820324
0.710161
0.378137
0.903429
0.307452
0.808256
0.786432
0.628519
0.059713
0.485617
0.127570
0.944745
0.966183
0.953833
0.998891
0.222218
0.049734
0.901026
0.670893
0.018375
0.130898
0.981585
0.446288
0.553836
0.988496
0.919772
0.213675
0.430751
0.715218
0.967243
0.514266
0.954261
0.730722
0.020050
0.103366
0.810279
0.407947
0.558768
0.137852
0.915019
0.447105
0.103306
0.409167
0.992604
0.012481
0.976865
0.276215
0.957988
0.426357
0.828750
0.051313
0.166313
0.179286
0.448486
0.784872
0.181803
0.002120
0.956141
0.732012
0.870416
0.982985
0.955039
0.008047
0.017608
0.863283
0.300530
0.944670
0.648668
0.140819
0.916138
0.590681
0.143729
0.638607
0.992692
0.798919
0.105237
0.126104
0.199491
0.008809
0.575564
0.692082
0.563868
0.997702
0.038662
0.936994
0.305457
0.896198
0.543121
0.999298
0.953348
0.911347
0.008998
0.927301
0.377588
0.982129
0.548443
0.915049
0.702695
0.113167
0.821633
0.243345
0.008985
0.971418
0.158572
0.056831
0.647117
0.018777
0.489437
0.143963
0.646743
0.505150
0.034671
0.800647
0.681416
0.982503
0.921157
0.377626
0.003538
0.873558
0.975615
0.915673
0.790864
0.694910
0.141314
0.063788
0.987546
0.272474
0.481737
0.423661
0.119021
0.833860
0.968924
0.100213
0.710753
0.120126
0.900868
0.977559
0.866393
0.625921
0.830913
0.322933
0.687032
0.042992
0.016873
0.345616
0.890106
0.583874
0.956871
0.628699
0.996695
0.467879
0.314821
0.825633
0.259256
0.918670
0.377414
0.250348
0.543634
0.290078
0.577561
0.789171
0.974728
0.417475
0.996636
0.169174
0.104745
0.107280
0.686317
0.852088
0.951789
0.299038
0.912174
0.922152
0.727334
0.618509
0.978323
0.496033
0.296756
0.792867
0.537239
0.153836
0.119445
0.762460
0.433966
0.046231
0.995664
0.008382
0.108915
0.326989
0.167193
0.972051
0.551119
0.785501
0.100504
0.613550
0.999858
0.121365
0.146440
0.185002
0.888425
0.666574
0.547983
0.105093
0.084134
0.934327
0.319322
0.296549
0.140525
0.089403
0.487650
0.356179
0.453317
0.397409
0.240209
0.591098
0.071464
0.981551
0.725186
0.813514
0.631769
0.981979
0.095032
0.272377
0.272700
0.481598
0.739846
0.796570
0.726677
0.231444
0.526956
0.988543
0.051445
0.068681
0.739172
0.705324
0.024637
0.300197
0.350893
0.996554
0.124967
0.277445
0.266754
0.752965
0.194447
0.764317
0.045925
0.546906
0.931762
0.743103
0.001097
0.321853
0.180716
0.858786
0.335574
0.316789
0.268535
0.276435
0.996647
0.900596
0.235617
0.204484
0.851634
0.993481
0.224052
0.829144
0.299897
0.428210
0.191827
0.885450
0.072047
0.075301
0.997700
0.894423
0.942326
0.696376
0.854773
0.717913
0.079515
0.598550
0.297400
0.915958
0.918095
0.027188
0.015354
0.779000
0.260465
0.137882
0.017708
0.143884
0.978730
0.642582
0.238832
0.741629
0.033930
0.752300
0.967065
0.971181
0.632600
0.512147
0.244964
0.494324
0.252330
0.436241
0.890270
0.934483
0.037227
0.622533
0.885555
0.970787
0.929974
0.643637
0.170973
0.089263
0.345213
0.261694
0.887382
0.876447
0.795495
0.960650
0.692086
0.997844
0.330912
0.988183
0.568649
0.187611
0.042176
0.044055
0.355746
0.204740
0.811505
0.635669
0.389371
0.915057
0.892478
0.134461
0.974520
0.920900
0.343566
0.960436
0.808152
0.258857
0.857875
0.989915
0.949971
0.146966
0.924922
0.970057
0.197084
0.642719
0.865121
0.590160
0.620938
0.107767
0.930232
0.999988
0.110923
0.895688
0.092193
0.024464
0.529763
0.476460
0.714280
0.916167
0.096645
0.322864
0.330575
0.749876
0.846598
0.911420
0.852222
0.004651
0.186303
0.671842
0.864416
0.175579
0.069601
0.799042
0.681513
0.373000
0.660453
0.207889
0.494857
0.828508
0.034879
0.978878
0.475165
0.799447
0.956560
0.901105
0.662649
0.153998
0.894445
0.082342
0.987543
0.044619
0.907142
0.955780
0.684999
0.970128
0.619979
0.273526
0.870970
0.772622
0.507853
0.974369
0.831899
0.956070
0.352469
0.237482
0.789231
0.304765
0.055121
0.507491
0.856320
0.026885
0.098559
0.778834
0.608614
0.841808
0.905642
0.012874
0.219926
0.786430
0.006494
0.730908
0.218740
0.574232
0.427662
0.318638
0.319491
0.401781
0.116133
0.704076
0.398688
0.973239
0.010122
0.612047
0.784319
0.890777
0.814929
0.671207
0.915487
0.343987
0.980568
0.949699
0.904462
0.791793
0.926344
0.964193
0.993887
0.896642
0.964306
0.019363
0.179360
0.881593
0.944630
0.074443
0.465889
0.951853
0.036535
0.719050
0.965158
0.084258
0.947236
0.367338
0.953872
0.186861
0.402863
0.958597
0.207660
0.741133
0.900940
0.980079
0.414308
0.740907
0.115867
0.494508
0.019057
0.802865
0.785513
0.919164
0.729831
0.066664
0.744728
0.630681
0.138349
0.429908
0.859715
0.475742
0.998425
0.440669
0.937659
0.964932
0.589197
0.973157
0.865008
0.852457
0.884300
0.083244
0.959060
0.869778
0.419324
0.079261
0.216327
0.941849
0.038082
0.087417
0.937460
0.318747
0.768321
0.468769
0.929986
0.674585
0.987228
0.288887
0.931669
0.159131
0.107634
0.587861
0.024607
0.859725
0.578698
0.147593
0.955019
0.942381
0.357907
0.242567
0.366147
0.118690
0.984998
0.527088
0.953832
0.405457
0.084030
0.230737
0.700750
0.782301
0.905816
0.040934
0.961445
0.494907
0.147937
0.063559
0.764526
0.985013
0.703870
0.030283
0.012538
0.674722
0.925329
0.264031
0.333090
0.197207
0.947914
0.420299
0.338845
0.892698
0.584105
0.327266
0.237659
0.888569
0.761207
0.885381
0.225535
0.328115
0.882817
0.185089
0.109449
0.247388
0.984517
0.805201
0.170227
0.353080
0.928187
0.821463
0.577717
0.442006
0.082796
0.981140
0.116632
0.394334
0.710090
0.624232
0.839907
0.337121
0.985802
0.165196
0.016867
0.905382
0.941182
0.454907
0.133745
0.322055
0.067913
0.224847
0.828636
0.048292
0.796766
0.772534
0.702158
0.046403
0.995129
0.990664
0.928946
0.208837
0.862224
0.986736
0.949647
0.309185
0.343824
0.915011
0.427767
0.027119
0.678500
0.217713
0.027478
0.475459
0.165489
0.864139
0.710184
0.255441
0.341992
0.972111
0.801619
0.095593
0.108652
0.962405
0.908420
0.175764
0.665876
0.890061
0.329167
0.650088
0.756074
0.100420
0.068466
0.780307
0.518099
0.606512
0.296174
0.051816
0.515053
0.204848
0.076257
0.280446
0.650059
0.888658
0.809177
0.839894
0.872178
0.018329
0.290985
0.463908
0.465578
0.078090
0.675979
0.008359
0.117009
0.036339
0.536565
0.537730
0.032132
0.641775
0.876101
0.565194
0.773136
0.963759
0.213796
0.933250
0.641028
0.100780
0.756609
0.429298
0.102826
0.996760
0.091686
0.393828
0.704452
0.535759
0.142068
0.358258
0.431048
0.178230
0.096805
0.966880
0.654970
0.045884
0.002345
0.014447
0.052833
0.197773
0.373100
0.723219
0.725554
0.067861
0.319678
0.775172
0.902472
0.482494
0.936649
0.604205
0.914269
0.856883
0.039457
0.994438
0.647510
0.181889
0.120011
0.737972
0.560575
0.931358
0.754017
0.572560
0.707616
0.001907
0.595292
0.104035
0.887303
0.603308
0.089001
0.967436
0.935568
0.078063
0.866190
0.612377
0.857213
0.734204
0.955314
0.982881
0.062882
0.983345
0.941425
0.069817
0.837201
0.016762
0.864316
0.043477
0.865604
0.518620
0.612250
0.971565
0.924661
0.079610
0.873516
0.058246
0.008931
0.140601
0.878996
0.992425
0.831985
0.105460
0.009026
0.342158
0.864669
0.809348
0.998737
0.378411
0.556307
0.719472
0.239996
0.566865
0.081293
0.093757
0.575160
0.267623
0.757888
0.992274
0.749120
0.214345
0.437785
0.711424
0.662363
0.607855
0.834852
0.693225
0.267638
0.699161
0.985176
0.373977
0.650627
0.679238
0.049956
0.199494
0.179276
0.149378
0.170426
0.454822
0.347297
0.200973
0.961593
0.309634
0.854980
0.988243
0.947663
0.534598
0.116431
0.763075
0.290508
0.600655
0.034267
0.179864
0.416583
0.852464
0.009252
0.807835
0.917986
0.100845
0.293090
0.996485
0.590971
0.857971
0.624947
0.092779
0.857799
0.469112
0.270861
0.846475
0.159829
0.005484
0.098792
0.066099
0.987116
0.387388
0.431036
0.639406
0.878367
0.251393
0.753307
0.459937
0.655332
0.976651
0.565113
0.721806
0.750710
0.630329
0.190958
0.662989
0.970918
0.623948
0.832065
0.963703
0.201854
0.253391
0.981944
0.711974
0.434435
0.936175
0.922966
0.054892
0.172526
0.273082
0.932057
0.190936
0.245944
0.937949
0.926254
0.280543
0.006044
0.869431
0.130215
0.957352
0.295967
0.700105
0.141609
0.154515
0.735818
0.198906
0.262554
0.962056
0.983127
0.953377
0.359512
0.505201
0.058154
0.288390
0.383575
0.199295
0.609888
0.527195
0.646020
0.959880
0.054940
0.483968
0.185901
0.917118
0.983533
0.235796
0.804485
0.908750
0.004153
0.674681
0.889975
0.028905
0.239271
0.985448
0.710723
0.541420
0.457351
0.472778
0.101651
0.932261
0.965482
0.432752
0.027326
0.307776
0.379328
0.021376
0.546990
0.772011
0.593685
0.868283
0.496171
0.326074
0.994603
0.188415
0.550610
0.995388
0.620620
0.937308
0.320073
0.391865
0.982848
0.262664
0.516245
0.311629
0.667061
0.090226
0.672117
0.856031
0.118835
0.884603
0.725639
0.907291
0.872736
0.210019
0.339592
0.270922
0.847166
0.517512
0.070624
0.624236
0.970691
0.675788
0.289220
0.880523
0.950610
0.389667
0.250706
0.044207
0.004903
0.567440
0.873836
0.601252
0.290144
0.952318
0.213273
0.408529
0.274790
0.252297
0.276705
0.166816
0.430225
0.920571
0.264857
0.466840
0.403360
0.051436
0.868687
0.965034
0.994230
0.984322
0.850455
0.027721
0.068167
0.919967
0.983032
0.946518
0.963848
0.170186
0.295087
0.219299
0.187235
0.962002
0.431288
0.945553
0.248895
0.037384
0.413686
0.921003
0.107856
0.023574
0.804062
0.460773
0.813884
0.057010
0.969060
0.980655
0.979649
0.064852
0.263815
0.981063
0.443385
0.193396
0.073866
0.009671
0.420282
0.243209
0.983097
0.974407
0.867395
0.753606
0.927363
0.041020
0.918681
0.903486
0.263414
0.986284
0.369176
0.798995
0.080479
0.934243
0.315175
0.905817
0.943091
0.362235
0.146435
0.097758
0.942545
0.269424
0.035586
0.676906
0.664908
0.022329
0.769638
0.735857
0.103090
0.984332
0.856527
0.613842
0.438309
0.990146
0.459638
0.773890
0.935203
0.114446
0.740498
0.891830
0.743112
0.232938
0.339229
0.111309
0.989944
0.071023
0.412064
0.821629
0.815925
0.702495
0.062351
0.938198
0.823593
0.390481
0.952393
0.790718
0.017109
0.244312
0.951870
0.449850
0.546259
0.140456
0.822224
0.899696
0.611150
0.913572
0.269254
0.958417
0.844068
0.671777
0.234633
0.347106
0.839989
0.727626
0.762250
0.412707
0.651179
0.311841
0.051785
0.855414
0.669797
0.636193
0.883544
0.551130
0.991312
0.985171
0.157253
0.125012
0.563203
0.286367
0.059342
0.846180
0.898168
0.288078
0.024421
0.835705
0.180312
0.482912
0.979599
0.777893
0.883777
0.914663
0.611156
0.248198
0.077321
0.875856
0.186947
0.104325
0.099942
0.981512
0.237532
0.920697
0.626776
0.691799
0.854564
0.093187
0.927493
0.366232
0.069796
0.118730
0.544962
0.290736
0.058793
0.799871
0.206729
0.527739
0.370526
0.879819
0.883605
0.833463
0.488731
0.788603
0.062531
0.924809
0.676708
0.844313
0.990637
0.892066
0.948657
0.013265
0.878015
0.043261
0.973062
0.193881
0.451553
0.264408
0.950273
0.942153
0.081464
0.397868
0.187942
0.606307
0.940168
0.074458
0.300937
0.689327
0.066250
0.544546
0.537087
0.949377
0.181984
0.383498
0.165874
0.947641
0.708525
0.122483
0.362855
0.933949
0.076180
0.242112
0.077888
0.245876
0.952419
0.206789
0.880845
0.268196
0.027983
0.904839
0.117705
0.436543
0.999856
0.398619
0.909098
0.984320
0.090959
0.903591
0.748914
0.399841
0.322043
0.714085
0.387116
0.155439
0.998014
0.548410
0.850035
0.307366
0.055736
0.797454
0.897949
0.250971
0.986890
0.175791
0.113293
0.624638
0.998713
0.656074
0.203512
0.988925
0.804735
0.819836
0.977536
0.736491
0.660128
0.715339
0.005616
0.769095
0.080117
0.866215
0.648074
0.756739
0.049704
0.538316
0.412974
0.818051
0.112718
0.769370
0.768647
0.230590
0.685564
0.338005
0.491714
0.877709
0.203699
0.956613
0.867222
0.577110
0.078954
0.979602
0.248178
0.560654
0.309406
0.548783
0.791178
0.525878
0.171378
0.296946
0.081754
0.380593
0.791264
0.409914
0.367877
0.431572
0.084350
0.798928
0.027674
0.591245
0.657064
0.805570
0.681244
0.917045
0.175209
0.915563
0.500437
0.411754
0.888396
0.961216
0.448665
0.749969
0.941876
0.141239
0.059548
0.744635
0.205864
0.530469
0.513218
0.510323
0.019957
0.425592
0.949679
0.261192
0.161983
0.018165
0.381121
0.859214
0.941935
0.828138
0.918510
0.181834
0.310499
0.851753
0.080533
0.040510
0.072059
0.004194
0.831270
0.127423
0.753932
0.979189
0.664428
0.416879
0.998653
0.584789
0.057027
0.835929
0.213831
0.275778
0.121725
0.914285
0.639851
0.986158
0.999625
0.585792
0.588700
0.075946
0.499649
0.561687
0.840095
0.304503
0.956963
0.310915
0.193993
0.627757
0.009583
0.955319
0.203594
0.643394
0.229754
0.998869
0.302374
0.314863
0.023571
0.366314
0.398177
0.161506
0.601920
0.113879
0.301498
0.091984
0.035747
0.882587
0.096280
0.407842
0.442581
0.016614
0.065203
0.134774
0.045709
0.104826
0.452914
0.036603
0.841333
0.072608
0.415399
0.934144
0.351113
0.087926
0.045179
0.672684
0.951496
0.990182
0.765023
0.874233
0.248524
0.382042
0.999469
0.035908
0.960409
0.980006
0.982480
0.866238
0.380240
0.175690
0.211494
0.768706
0.920080
0.038164
0.113278
0.857112
0.992505
0.628495
0.894365
0.131858
0.866367
0.167415
0.801403
0.654629
0.280477
0.373451
0.314705
0.372718
0.998241
0.487662
0.167481
0.975192
0.836315
0.093870
0.110291
0.969531
0.664750
0.995472
0.202555
0.719840
0.775574
0.018304
0.790018
0.829577
0.995923
0.855700
0.338137
0.963266
0.636959
0.022528
0.591281
0.999362
0.978913
0.055184
0.972556
0.904023
0.126051
0.915472
0.970759
0.338693
0.397665
0.670630
0.848824
0.016966
0.973500
0.989562
0.217032
0.180279
0.685535
0.983332
0.998801
0.759554
0.123834
0.936646
0.967767
0.674259
0.234042
0.720640
0.402757
0.787811
0.700161
0.053697
0.019143
0.182936
0.670759
0.596501
0.119972
0.203604
0.856245
0.174121
0.872670
0.994613
0.980928
0.231678
0.306143
0.012279
0.090052
0.220743
0.902237
0.852036
0.670927
0.396256
0.175996
0.952470
0.009736
0.515500
0.131482
0.648134
0.018187
0.767188
0.046455
0.286800
0.240816
0.703042
0.997602
0.864113
0.751544
0.264472
0.017417
0.804324
0.634375
0.809293
0.725665
0.027136
0.497391
0.294835
0.382996
0.966983
0.735331
0.768479
0.871776
0.877486
0.331403
0.632435
0.985150
0.596359
0.394649
0.872816
0.511216
0.792637
0.890394
0.122695
0.487650
0.492694
0.968906
0.976415
0.659599
0.839804
0.519782
0.994763
0.876741
0.953930
0.026607
0.749586
0.999938
0.995857
0.895665
0.568509
0.529158
0.224901
0.178811
0.732407
0.101184
0.026418
0.992119
0.131191
0.749430
0.037048
0.803641
0.013222
0.998461
0.041419
0.347946
0.061204
0.076284
0.298419
0.227553
0.512693
0.542400
0.743658
0.679525
0.700878
0.770383
0.734907
0.236159
0.022943
0.356343
0.495297
0.081534
0.384522
0.318628
0.196123
0.494974
0.022267
0.709663
0.975150
0.152051
0.024852
0.583021
0.997363
0.084721
0.497532
0.939351
0.754454
0.102512
0.615770
0.562138
0.190534
0.535315
0.297730
0.200248
0.664686
0.024960
0.142951
0.071951
0.772411
0.154745
0.709135
0.862588
0.803158
0.465248
0.028336
0.797547
0.158321
0.997592
0.780323
0.733540
0.114237
0.158321
0.093933
0.009115
0.990076
0.443571
0.631636
0.755063
0.679366
0.994469
0.952441
0.318962
0.371524
0.039442
0.958078
0.059116
0.928132
0.409825
0.988691
0.319596
0.979053
0.518670
0.995409
0.117078
0.610356
0.684315
0.753310
0.516014
0.922012
0.526115
0.469176
0.907887
0.985071
0.267814
0.829149
0.935373
0.788707
0.676860
0.832941
0.916417
0.109004
0.127779
0.991084
0.860303
0.942743
0.716442
0.704321
0.686471
0.867320
0.355366
0.008749
0.712959
0.866657
0.385392
0.907300
0.994567
0.919132
0.929019
0.823444
0.570013
0.803042
0.089029
0.223074
0.816580
0.282699
0.124385
0.407769
0.370043
0.110360
0.472030
0.015057
0.922015
0.704176
0.758540
0.794815
0.203816
0.881917
0.035156
0.783364
0.863107
0.810133
0.874824
0.131696
0.590079
0.009198
0.022872
0.499965
0.972637
0.313437
0.727099
0.073324
0.169706
0.104706
0.150704
0.583934
0.452948
0.999268
0.661814
0.586162
0.747124
0.825164
0.364888
0.361663
0.300230
0.457808
0.828168
0.047270
0.043716
0.125516
0.826206
0.204618
0.132404
0.485198
0.939782
0.123022
0.035421
0.963012
0.488659
0.072653
0.985017
0.435775
0.048727
0.164802
0.816166
0.719215
0.863277
0.115552
0.988003
0.564681
0.735943
0.240827
0.302539
0.537043
0.013809
0.838582
0.027592
0.912784
0.424196
0.872170
0.691287
0.762100
0.974537
0.280150
0.955271
0.209071
0.054998
0.166278
0.724392
0.913105
0.045486
0.999970
0.314481
0.464880
0.160274
0.643519
0.734329
0.471922
0.462985
0.224346
0.366816
0.254025
0.987380
0.849857
0.238616
0.844491
0.075066
0.731159
0.974836
0.082738
0.182328
0.104922
0.462168
0.397721
0.204721
0.751977
0.677843
0.893549
0.836244
0.818596
0.994977
0.935746
0.271051
0.999500
0.623396
0.943787
0.986540
0.962460
0.998297
0.933636
0.007579
0.127343
0.859810
0.634160
0.530978
0.885240
0.194566
0.982419
0.186429
0.697333
0.437116
0.786715
0.985609
0.499139
0.578801
0.531387
0.081728
0.980729
0.909526
0.341211
0.747784
0.854236
0.818400
0.513970
0.838260
0.672980
0.962041
0.083418
0.294977
0.215645
0.991047
0.079623
0.598405
0.869530
0.736437
0.051070
0.465518
0.777692
0.599112
0.958992
0.332128
0.512579
0.418016
0.669726
0.442171
0.040557
0.733662
0.701979
0.966863
0.830373
0.017346
0.052289
0.187121
0.772530
0.346082
0.513618
0.718096
0.743067
0.803925
0.460681
0.022074
0.678135
0.050882
0.636219
0.749809
0.481572
0.434224
0.110775
0.472823
0.173235
0.851004
0.148551
0.624586
0.572990
0.905309
0.987875
0.325550
0.658399
0.844863
0.005612
0.166439
0.988395
0.770999
0.725611
0.777296
0.115026
0.878203
0.041881
0.173055
0.575667
0.012291
0.853668
0.213903
0.974524
0.986756
0.702751
0.500619
0.505316
0.849199
0.937487
0.028037
0.024965
0.065421
0.899340
0.081033
0.254544
0.020091
0.891600
0.271178
0.753247
0.936911
0.053321
0.359091
0.316040
0.961135
0.578813
0.083036
0.050370
0.998822
0.268024
0.740241
0.876766
0.141804
0.721234
0.472870
0.776758
0.361975
0.866446
0.726576
0.109688
0.300335
0.888571
0.232465
0.980337
0.116007
0.431383
0.863061
0.189155
0.863724
0.923999
0.947635
0.960229
0.848611
0.123981
0.365349
0.500801
0.817303
0.766624
0.325739
0.678182
0.405873
0.012011
0.965770
0.936057
0.830506
0.570878
0.435212
0.903017
0.224470
0.854517
0.372118
0.006586
0.909476
0.119103
0.703514
0.014242
0.730092
0.799215
0.891353
0.123265
0.955757
0.957389
0.056111
0.684341
0.050190
0.126407
0.985987
0.879486
0.144794
0.028352
0.897023
0.222540
0.569747
0.501447
0.178331
0.364999
0.993947
0.404688
0.594646
0.115295
0.897619
0.350269
0.012549
0.290393
0.262612
0.856385
0.642583
0.726816
0.299928
0.749663
0.542880
0.240217
0.112946
0.063227
0.302066
0.476677
0.733716
0.554217
0.729711
0.072358
0.204394
0.279423
0.274876
0.005167
0.673649
0.970647
0.376019
0.809753
0.004424
0.944290
0.135457
0.402005
0.431995
0.084241
0.901515
0.490578
0.053344
0.089273
0.262780
0.128467
0.883658
0.117493
0.251519
0.844615
0.850751
0.334208
0.821212
0.063865
0.160822
0.659815
0.409125
0.376315
0.101523
0.919686
0.070183
0.087276
0.542664
0.071636
0.997453
0.141997
0.768187
0.965381
0.427329
0.901659
0.841483
0.701708
0.994881
0.736701
0.913605
0.935529
0.946429
0.819596
0.324758
0.932544
0.868824
0.823507
0.650326
0.265263
0.976388
0.992872
0.844496
0.998934
0.635415
0.100503
0.398929
0.608883
0.355667
0.971033
0.133189
0.974635
0.912397
0.044495
0.553078
0.447282
0.949401
0.707348
0.360901
0.618406
0.664709
0.411743
0.023728
0.081009
0.295867
0.561345
0.086926
0.364932
0.795731
0.732149
0.994717
0.874581
0.169239
0.574472
0.621505
0.514809
0.961131
0.144349
0.537120
0.950512
0.990506
0.273132
0.853774
0.093894
0.705836
0.232538
0.773035
0.319100
0.989952
0.154281
0.055731
0.665522
0.146877
0.938323
0.006455
0.519669
0.983791
0.978147
0.609041
0.213058
0.473597
0.175105
0.418252
0.675675
0.484373
0.012512
0.069898
0.564713
0.844265
0.873525
0.248486
0.418442
0.187113
0.900388
0.240668
0.019665
0.663668
0.269703
0.034849
0.903438
0.250910
0.173226
0.176797
0.024493
0.999129
0.078463
0.507373
0.153958
0.892742
0.769145
0.148709
0.214166
0.873224
0.386182
0.318914
0.389050
0.442946
0.133548
0.464259
0.057366
0.493783
0.192491
0.234874
0.323859
0.037848
0.503831
0.937226
0.272319
0.854296
0.555716
0.044063
0.712131
0.646904
0.790941
0.149535
0.410825
0.946804
0.282046
0.967717
0.168309
0.756011
0.962910
0.912962
0.154546
0.883001
0.195099
0.926539
0.455636
0.892317
0.883063
0.117619
0.028239
0.996271
0.827299
0.128278
0.151678
0.312642
0.854580
0.940243
0.882246
0.776061
0.058266
0.957269
0.978600
0.160083
0.790524
0.734890
0.152299
0.986247
0.527444
0.334173
0.054518
0.536090
0.036891
0.752158
0.807616
0.664542
0.601130
0.886937
0.838988
0.356816
0.722121
0.854030
0.091923
0.490182
0.301910
0.249106
0.908181
0.129441
0.926480
0.941280
0.683931
0.436648
0.109490
0.620979
0.503906
0.918894
0.117024
0.695242
0.854695
0.885715
0.181551
0.994967
0.885055
0.112267
0.968642
0.575499
0.112257
0.912070
0.691151
0.773860
0.069049
0.100999
0.909961
0.484397
0.828072
0.863439
0.699539
0.132071
0.073873
0.548136
0.663144
0.636803
0.321832
0.272252
0.408565
0.664692
0.501863
0.120047
0.714011
0.410881
0.971860
0.722242
0.144974
0.989560
0.920831
0.194142
0.203822
0.058046
0.407211
0.940805
0.251574
0.868247
0.401268
0.053817
0.687021
0.880138
1.000000
0.231863
0.868387
0.960576
0.773246
0.123006
0.522595
0.635202
0.561434
0.948698
0.998448
0.523734
0.009440
0.536261
0.597677
0.672190
0.644665
0.235232
0.737740
0.519576
0.279988
0.810920
0.124166
0.065038
0.593431
0.158998
0.390116
0.612545
0.153050
0.792245
0.912412
0.001847
0.733072
0.195819
0.954054
0.242107
0.547769
0.964392
0.607347
0.722856
0.348356
0.869453
0.540853
0.935347
0.040059
0.978531
0.351239
0.404485
0.822133
0.294514
0.074745
0.044275
0.882867
0.955721
0.999930
0.979654
0.892351
0.045827
0.325458
0.925707
0.828054
0.999475
0.798420
0.525479
0.021309
0.986026
0.458606
0.136941
0.600758
0.966588
0.896571
0.621924
0.903410
0.302445
0.728380
0.427732
0.982864
0.232833
0.720027
0.834258
0.509937
0.064614
0.126890
0.029871
0.274185
0.454182
0.300303
0.899883
0.063116
0.909114
0.288362
0.162023
0.589548
0.044290
0.758805
0.849994
0.019857
0.027276
0.290783
0.787813
0.463563
0.961543
0.970649
0.362038
0.727702
0.938209
0.876100
0.083279
0.600774
0.357730
0.233139
0.930508
0.688229
0.450574
0.645375
0.010940
0.532232
0.957989
0.985810
0.168398
0.846598
0.936235
0.526922
0.832637
0.002631
0.019423
0.398569
0.062815
0.156942
0.442357
0.927421
0.468852
0.130830
0.014426
0.955806
0.789782
0.553015
0.959474
0.254836
0.036497
0.457983
0.346964
0.125191
0.516649
0.813900
0.128544
0.960681
0.336651
0.316323
0.141815
0.009669
0.906368
0.545284
0.851465
0.736826
0.088311
0.047728
0.871074
0.117083
0.909530
0.012425
0.375943
0.815615
0.878547
0.558223
0.390620
0.832877
0.453986
0.812199
0.874234
0.321089
0.644130
0.420868
0.443210
0.730194
0.071395
0.134069
0.589228
0.738632
0.766604
0.946383
0.967711
0.105200
0.060670
0.439655
0.007040
0.976150
0.730579
0.364540
0.985632
0.380107
0.851143
0.994945
0.041842
0.934181
0.065196
0.972404
0.888723
0.674234
0.643382
0.620809
0.937924
0.811479
0.281093
0.330370
0.923003
0.998404
0.335654
0.580690
0.770493
0.874650
0.977095
0.325977
0.494430
0.721188
0.659968
0.396236
0.930952
0.871818
0.311698
0.736095
0.462278
0.251650
0.885805
0.436344
0.830947
0.330837
0.594431
0.425593
0.012901
0.108536
0.212142
0.074800
0.935259
0.890407
0.715881
0.957718
0.022930
0.636089
0.994295
0.424894
0.039973
0.651580
0.631010
0.433762
0.956972
0.953017
0.719731
0.484119
0.379490
0.161121
0.900459
0.815660
0.804853
0.639275
0.329948
0.852037
0.139484
0.093982
0.824114
0.167533
0.849822
0.689569
0.588446
0.224005
0.552354
0.958980
0.990058
0.500992
0.872815
0.991769
0.807119
0.565257
0.060955
0.013009
0.937326
0.016675
0.179145
0.734641
0.127704
0.974663
0.499838
0.104407
0.937616
0.122552
0.663274
0.910683
0.946179
0.634093
0.796238
0.324878
0.026589
0.873161
0.394748
0.928020
0.959753
0.020237
0.092372
0.398858
0.841967
0.044667
0.078008
0.072099
0.269129
0.591787
0.888574
0.018938
0.580080
0.098856
0.415139
0.290805
0.775136
0.972845
0.146091
0.071043
0.190385
0.031453
0.398331
0.483275
0.675481
0.489858
0.049749
0.968437
0.214037
0.959555
0.903978
0.750845
0.808333
0.542736
0.909468
0.008987
0.821359
0.099169
0.090702
0.328598
0.466578
0.649351
0.700849
0.211995
0.969870
0.630832
0.835850
0.234621
0.033345
0.439463
0.287076
0.994508
0.610112
0.262573
0.873193
0.448894
0.990716
0.910833
0.941344
0.359713
0.952583
0.568696
0.688850
0.585372
0.802320
0.977235
0.559222
0.043728
0.515294
0.021249
0.768280
0.489809
0.913290
0.451367
0.589332
0.227621
0.682553
0.798304
0.251004
0.116789
0.245857
0.979068
0.831673
0.014327
0.919840
0.105972
0.397852
0.575835
0.451372
0.496377
0.874589
0.197379
0.600909
0.882750
0.931083
0.695026
0.971639
0.647791
0.959354
0.727322
0.043718
0.397900
0.060718
0.841311
0.886759
0.692942
0.117570
0.007014
0.415578
0.723579
0.607958
0.834685
0.510957
0.044336
0.780620
0.486742
0.871519
0.699822
0.936548
0.011941
0.056370
0.676145
0.950048
0.010292
0.530901
0.984631
0.454004
0.913811
0.249652
0.771800
0.223478
0.009942
0.122734
0.705484
0.082597
0.285422
0.937824
0.814800
0.647144
0.585043
0.871922
0.723664
0.099004
0.800279
0.555487
0.817610
0.026552
0.876420
0.212911
0.302635
0.997093
0.565377
0.326749
0.147416
0.449548
0.906744
0.785452
0.224100
0.423195
0.934364
0.970561
0.705709
0.504863
0.061557
0.190026
0.635068
0.305076
0.413203
0.716122
0.859243
0.141889
0.816183
0.930958
0.038034
0.788839
0.124110
0.565364
0.324835
0.248421
0.068808
0.253195
0.526395
0.441249
0.217662
0.050374
0.849106
0.741671
0.176488
0.659821
0.049355
0.526621
0.920075
0.574181
0.080498
0.984052
0.149782
0.937818
0.633170
0.012353
0.990326
0.063258
0.174810
0.075977
0.839226
0.043058
0.388399
0.552606
0.977902
0.866937
0.553253
0.878227
0.986874
0.572752
0.843066
0.787373
0.581495
0.808347
0.577922
0.035474
0.463432
0.716785
0.256334
0.920324
0.092734
0.803419
0.994201
0.374994
0.803882
0.537433
0.159939
0.384592
0.982500
0.627698
0.396018
0.707152
0.985273
0.450397
0.499913
0.617372
0.922924
0.093657
0.911032
0.124641
0.095568
0.799671
0.015095
0.638774
0.940995
0.997580
0.994765
0.583484
0.106492
0.012382
0.649440
0.325973
0.772602
0.930601
0.357048
0.390774
0.796047
0.763467
0.107211
0.551488
0.689158
0.916057
0.080671
0.332070
0.552403
0.192029
0.028824
0.089119
0.004700
0.640000
0.430776
0.772413
0.328429
0.641207
0.113578
0.219558
0.993811
0.033019
0.525232
0.714827
0.985434
0.091215
0.513636
0.790894
0.217889
0.057731
0.986807
0.200303
0.183894
0.628929
0.889882
0.046126
0.034756
0.724390
0.510233
0.967127
0.101747
0.847879
0.149980
0.720775
0.131341
0.917374
0.749849
0.068297
0.090500
0.616249
0.446608
0.641798
0.992404
0.318928
0.750825
0.191131
0.898345
0.993768
0.789478
0.051090
0.989982
0.833526
0.472126
0.989338
0.119673
0.745839
0.979290
0.520182
0.233323
0.939966
0.036375
0.263394
0.088516
0.552605
0.313694
0.875247
0.728357
0.215033
0.878939
0.623275
0.956713
0.662113
0.168150
0.037750
0.613760
0.177140
0.007490
0.356275
0.857794
0.587852
0.320968
0.944189
0.254505
0.150243
0.213039
0.833105
0.290618
0.948653
0.989116
0.983786
0.539756
0.923812
0.481828
0.138398
0.727945
0.779266
0.539737
0.642674
0.034413
0.140926
0.214876
0.004651
0.847060
0.138826
0.483542
0.796867
0.996546
0.080608
0.922803
0.700464
0.236759
0.335818
0.412009
0.892071
0.233012
0.865504
0.084431
0.294849
0.850880
0.039401
0.427734
0.302750
0.984389
0.679818
0.055259
0.040295
0.293332
0.819358
0.038252
0.426932
0.173136
0.017125
0.908149
0.531663
0.718051
0.452599
0.644547
0.234245
0.929301
0.987130
0.959393
0.834395
0.352564
0.574305
0.473437
0.297131
0.968694
0.323515
0.248905
0.398691
0.905919
0.443020
0.720785
0.907540
0.895221
0.254768
0.326194
0.323199
0.265422
0.592809
0.160257
0.279741
0.046640
0.985691
0.232933
0.982396
0.841234
0.228983
0.555744
0.075149
0.156315
0.246397
0.613068
0.500079
0.868351
0.152934
0.235398
0.286062
0.828215
0.125164
0.890706
0.777619
0.353604
0.827946
0.725907
0.864098
0.283763
0.973418
0.295602
0.852010
0.644342
0.845678
0.927389
0.818389
0.921068
0.516859
0.579949
0.332827
0.233292
0.027440
0.964142
0.674704
0.094192
0.011704
0.516426
0.243306
0.081131
0.502977
0.875698
0.999643
0.454815
0.652383
0.500360
0.608592
0.459403
0.332476
0.628169
0.841579
0.827839
0.951928
0.953808
0.896211
0.025884
0.849332
0.166455
0.763744
0.573527
0.411500
0.789989
0.729342
0.766643
0.095756
0.060887
0.471759
0.748254
0.958243
0.258700
0.999380
0.784263
0.158505
0.778214
0.990363
0.244030
0.092187
0.916071
0.303059
0.994250
0.119424
0.182573
0.132529
0.911176
0.879559
0.717246
0.057848
0.156985
0.575485
0.174066
0.008128
0.446256
0.550824
0.380551
0.111366
0.057976
0.024984
0.842260
0.975520
0.912175
0.237620
0.044604
0.918278
0.052220
0.377810
0.367396
0.041098
0.350416
0.585472
0.891325
0.087157
0.760334
0.879396
0.038414
0.037474
0.475458
0.004608
0.015354
0.911195
0.844872
0.458855
0.426177
0.652798
0.960612
0.623177
0.234455
0.257830
0.219556
0.869547
0.099825
0.011450
0.940748
0.891603
0.069602
0.883639
0.776962
0.962433
0.182516
0.694748
0.344995
0.860655
0.030351
0.032995
0.732698
0.990450
0.750962
0.973028
0.761548
0.514174
0.725290
0.588836
0.053484
0.027861
0.204864
0.136338
0.083898
0.353682
0.553132
0.684266
0.029998
0.234995
0.767770
0.275858
0.003032
0.907117
0.101253
0.597379
0.924446
0.207864
0.747340
0.580269
0.975515
0.427303
0.650695
0.607121
0.099496
0.139916
0.493314
0.026839
0.323778
0.123919
0.948554
0.991271
0.701837
0.679916
0.515418
0.095319
0.185483
0.279049
0.668597
0.179315
0.090411
0.869560
0.558354
0.206544
0.510222
0.967859
0.478203
0.926857
0.626079
0.306760
0.301299
0.968202
0.781038
0.010099
0.519182
0.883115
0.077267
0.146696
0.282378
0.928405
0.222176
0.078580
0.066499
0.681917
0.038254
0.215815
0.557727
0.283897
0.007485
0.815964
0.304727
0.873353
0.086489
0.136870
0.934413
0.013487
0.596351
0.529197
0.200694
0.953269
0.211120
0.067344
0.476302
0.764474
0.103904
0.295118
0.353992
0.152521
0.006017
0.116160
0.080911
0.083474
0.876676
0.330740
0.340110
0.072441
0.615181
0.035964
0.827131
0.039822
0.163493
0.584921
0.804526
0.097202
0.915835
0.876104
0.009973
0.328902
0.851937
0.572460
0.655883
0.232150
0.824842
0.836030
0.968445
0.082344
0.129059
0.558971
0.763646
0.537181
0.545027
0.308909
0.208548
0.761649
0.251751
0.852427
0.264615
0.894188
0.290487
0.983515
0.876935
0.031318
0.313137
0.039755
0.025792
0.803471
0.865555
0.984759
0.085660
0.849440
0.970708
0.893099
0.143877
0.912284
0.597044
0.749753
0.201702
0.083200
0.946260
0.984840
0.626739
0.074501
0.598557
0.678620
0.971246
0.479275
0.522616
0.262166
0.990928
0.940240
0.100932
0.977154
0.674426
0.094023
0.958138
0.105359
0.980186
0.047650
0.401825
0.665193
0.089382
0.989347
0.068585
0.819209
0.283921
0.715103
0.866582
0.816168
0.151585
0.890264
0.986033
0.233302
0.162582
0.714143
0.984889
0.041867
0.738364
0.214327
0.689521
0.404545
0.377087
0.917362
0.401640
0.914533
0.772570
0.270644
0.851835
0.630654
0.520676
0.492352
0.302846
0.022779
0.041871
0.028068
0.245080
0.345111
0.943408
0.752933
0.819700
0.149124
0.699441
0.039888
0.092100
0.136841
0.503756
0.965009
0.014287
0.988747
0.995913
0.897444
0.893216
0.026210
0.268123
0.825264
0.014043
0.408110
0.633536
0.457785
0.102057
0.870049
0.012935
0.996287
0.167320
0.008669
0.967131
0.037170
0.689460
0.040066
0.847582
0.122492
0.623272
0.123250
0.038776
0.546484
0.126419
0.601101
0.216588
0.004608
0.010594
0.682202
0.648555
0.714575
0.914786
0.350150
0.602407
0.839574
0.452278
0.071189
0.728534
0.815492
0.617427
0.190031
0.999671
0.884167
0.943717
0.892923
0.299900
0.816770
0.299266
0.207433
0.999974
0.720954
0.022472
0.801489
0.897264
0.588620
0.999735
0.189833
0.874456
0.784909
0.457926
0.043551
0.461926
0.686386
0.722620
0.047792
0.500167
0.452582
0.229565
0.919929
0.915722
0.483233
0.981854
0.981048
0.167573
0.783407
0.742230
0.884936
0.857913
0.728700
0.591311
0.226184
0.400478
0.071097
0.781757
0.565272
0.254576
0.977865
0.955787
0.897275
0.560469
0.675039
0.261866
0.068368
0.750846
0.841867
0.923329
0.725780
0.167974
0.173939
0.027031
0.266017
0.788444
0.202572
0.809171
0.856044
0.042534
0.071198
0.776271
0.902409
0.392046
0.966648
0.881351
0.344590
0.789325
0.951541
0.205850
0.018989
0.529531
0.761795
0.631334
0.012621
0.484166
0.680642
0.735889
0.048991
0.212976
0.470190
0.975775
0.437635
0.252986
0.570660
0.870309
0.557302
0.270334
0.939792
0.351049
0.010653
0.919743
0.834962
0.207017
0.123680
0.070330
0.888536
0.613823
0.291758
0.967085
0.325409
0.161860
0.771750
0.884427
0.979571
0.892860
0.758240
0.189130
0.419841
0.926699
0.919281
0.169181
0.492526
0.262500
0.551912
0.219332
0.349183
0.017838
0.984117
0.988244
0.501343
0.515253
0.321094
0.541376
0.489485
0.897201
0.539993
0.043703
0.241755
0.124406
0.856086
0.791324
0.040900
0.911191
0.095040
0.053444
0.548455
0.068169
0.492881
0.237339
0.952435
0.999561
0.138071
0.893682
0.959884
0.223777
0.443316
0.952577
0.874629
0.977576
0.875456
0.663906
0.422411
0.154431
0.918276
0.949010
0.271664
0.282206
0.669907
0.642265
0.620418
0.925409
0.395173
0.677983
0.992367
0.240053
0.042050
0.429376
0.725060
0.490763
0.129446
0.913291
0.363070
0.966949
0.291706
0.487497
0.789030
0.119634
0.181386
0.291523
0.976553
0.115539
0.660944
0.093965
0.978164
0.605167
0.474522
0.037740
0.993059
0.711612
0.202856
0.805216
0.957757
0.419362
0.985096
0.967274
0.341456
0.027909
0.440090
0.944556
0.726047
0.192751
0.291840
0.934805
0.990242
0.105509
0.916552
0.660689
0.007137
0.055371
0.814962
0.307236
0.982800
0.019936
0.226656
0.955443
0.386749
0.296871
0.140162
0.980337
0.189539
0.485351
0.684425
0.969967
0.658431
0.035518
0.780230
0.147082
0.645619
0.228721
0.958671
0.999606
0.542249
0.567913
0.006410
0.226728
0.561342
0.427850
0.153249
0.569828
0.179497
0.268431
0.213168
0.452879
0.885808
0.520812
0.079534
0.958000
0.491256
0.424833
0.197222
0.129274
0.238926
0.951301
0.299743
0.898570
0.942470
0.801411
0.875431
0.968752
0.953747
0.278311
0.043611
0.819349
0.725328
0.690096
0.033125
0.106868
0.008117
0.040209
0.175182
0.937761
0.375574
0.193418
0.114433
0.321505
0.167722
0.502693
0.862814
0.674445
0.840974
0.378003
1.000000
0.467313
0.201679
0.913495
0.362934
0.379552
0.230441
0.009607
0.101939
0.110877
0.761402
0.148816
0.063721
0.627236
0.374830
0.524266
0.712280
0.966874
0.121320
0.081428
0.372575
0.997277
0.957027
0.888206
0.778099
0.637475
0.847282
0.358823
0.985975
0.400802
0.681904
0.005489
0.966163
0.910648
0.151543
0.593083
0.847156
0.917275
0.661498
0.143337
0.887059
0.346791
0.116599
0.933636
0.110876
0.960608
0.959738
0.653672
0.166553
0.872807
0.684781
0.090234
0.933384
0.051015
0.531484
0.930940
0.202827
0.510429
0.391281
0.952944
0.127419
0.017713
0.966782
0.697108
0.122919
0.038600
0.895000
0.414911
0.431909
0.867284
0.009767
0.968109
0.466823
0.521238
0.977211
0.144890
0.715299
0.123113
0.882541
0.199726
0.104253
0.147440
0.463174
0.560368
0.654116
0.351130
0.850798
0.818339
0.013230
0.005953
0.222107
0.609222
0.031044
0.285269
0.701273
0.237178
0.742136
0.517952
0.126198
0.352898
0.091965
0.952493
0.476293
0.003976
0.903564
0.538317
0.634138
0.352998
0.122511
0.425823
0.288914
0.634684
0.974807
0.284490
0.702999
0.270404
0.947560
0.064623
0.164296
0.022104
0.079651
0.855149
0.358855
0.968903
0.979808
0.995190
0.658901
0.682275
0.130084
0.941772
0.881780
0.440067
0.244248
0.058491
0.947534
0.471603
0.261202
0.878543
0.919941
0.967219
0.708326
0.024347
0.800729
0.264143
0.996385
0.717376
0.316909
0.181865
0.312831
0.995615
0.821345
0.509128
0.718221
0.393291
0.807821
0.583388
0.025951
0.848485
0.454014
0.287464
0.993814
0.601660
0.113774
0.958173
0.895063
0.721019
0.017954
0.970121
0.037400
0.769510
0.902051
0.740038
0.529473
0.949940
0.753447
0.222700
0.670924
0.734273
0.810331
0.410154
0.562912
0.588241
0.131823
0.858184
0.894730
0.258718
0.411402
0.002947
0.515880
0.926932
0.759792
0.028544
0.010295
0.523946
0.483426
0.033146
0.902249
0.074759
0.777500
0.056775
0.847158
0.514192
0.833539
0.817894
0.271822
0.983888
0.199088
0.054429
0.786848
0.750396
0.121852
0.972633
0.553953
0.945940
0.578490
0.126333
0.492348
0.162427
0.355191
0.976644
0.748655
0.975844
0.575635
0.832340
0.646180
0.242596
0.628299
0.942397
0.520751
0.894741
0.803182
0.638998
0.912930
0.441685
0.953521
0.430485
0.689802
0.959857
0.992518
0.635005
0.355806
0.229356
0.941305
0.987839
0.966605
0.315290
0.611559
0.901382
0.752825
0.078891
0.422325
0.407473
0.488502
0.824724
0.166334
0.004811
0.115035
0.883918
0.983352
0.171535
0.589369
0.993830
0.560422
0.384142
0.629122
0.335854
0.591850
0.486225
0.999296
0.033178
0.021652
0.907957
0.829414
0.982385
0.230884
0.881678
0.209137
0.991554
0.883413
0.602257
0.576531
0.243209
0.327769
0.748776
0.960804
0.951872
0.729518
0.957159
0.995443
0.596513
0.433758
0.956747
0.361377
0.752060
0.294905
0.304529
0.113233
0.984646
0.018449
0.114690
0.952436
0.020495
0.047107
0.418024
0.723522
0.994007
0.561954
0.999070
0.808125
0.463445
0.101478
0.978804
0.416850
0.560527
0.965004
0.412056
0.988229
0.235124
0.875027
0.867509
0.088174
0.709802
0.259507
0.144401
0.070031
0.885417
0.478973
0.680293
0.437353
0.305145
0.340649
0.825984
0.019771
0.068917
0.916324
0.399871
0.714261
0.069974
0.281362
0.074806
0.890678
0.854593
0.424345
0.021032
0.080521
0.962734
0.993589
0.289423
0.701439
0.141718
0.989017
0.628303
0.485549
0.954076
0.772196
0.237088
0.904454
0.076399
0.957124
0.116784
0.277111
0.973312
0.349845
0.656522
0.008604
0.823058
0.017674
0.148700
0.215543
0.901000
0.014406
0.557279
0.257213
0.887539
0.885315
0.767926
0.526823
0.657074
0.143135
0.745181
0.921783
0.269685
0.797766
0.114864
0.888291
0.509226
0.655156
0.495726
0.951630
0.039542
0.971157
0.100879
0.980877
0.114317
0.946806
0.888315
0.058751
0.933731
0.926571
0.264908
0.438225
0.396473
0.365579
0.624087
0.437060
0.484645
0.046048
0.986251
0.553920
0.918504
0.138056
0.023830
0.126757
0.961444
0.006848
0.984837
0.259356
0.366787
0.275314
0.463387
0.648867
0.178928
0.495226
0.356242
0.972923
0.026016
0.338952
0.964060
0.889777
0.081090
0.982407
0.150648
0.664844
0.245493
0.699960
0.155733
0.959399
0.481289
0.473917
0.981422
0.994545
0.890782
0.106650
0.062045
0.262280
0.316620
0.348428
0.051914
0.536556
0.826665
0.922038
0.038364
0.176199
0.828332
0.924490
0.729135
0.943353
0.601448
0.982553
0.858816
0.767896
0.975047
0.796772
0.050416
0.911985
0.678948
0.811932
0.934176
0.074639
0.767800
0.942230
0.831257
0.210552
0.151742
0.305291
0.255641
0.698285
0.268353
0.155866
0.335625
0.919677
0.380095
0.134940
0.818312
0.178085
0.543810
0.558458
0.873606
0.971571
0.855102
0.773041
0.083829
0.666771
0.052543
0.483601
0.275323
0.705260
0.522812
0.635977
0.285807
0.999608
0.950376
0.829338
0.820187
0.833242
0.206230
0.534323
0.901686
0.286679
0.997720
0.968075
0.249611
0.988438
0.966411
0.867891
0.962464
0.909215
0.034207
0.064353
0.012371
0.894784
0.833341
0.662547
0.517136
0.859771
0.686044
0.145274
0.820365
0.056536
0.406956
0.453528
0.521089
0.458988
0.109898
0.926630
0.888765
0.590599
0.312773
0.725638
0.975265
0.055468
0.672862
0.749292
0.739884
0.509276
0.058167
0.607271
0.900482
0.015759
0.331909
0.905829
0.827556
0.124103
0.113121
0.828480
0.453817
0.295558
0.249580
0.987220
0.672484
0.439344
0.218927
0.847137
0.925630
0.938091
0.960189
0.927416
0.953651
0.558451
0.322753
0.409696
0.047266
0.759681
0.798084
0.033781
0.970457
0.722715
0.581471
0.908952
0.348795
0.633719
0.650016
0.209202
0.860534
0.449454
0.035871
0.995065
0.004922
0.040004
0.552620
0.076935
0.822080
0.906669
0.512270
0.074431
0.330393
0.999344
0.269203
0.968218
0.418427
0.755808
0.056013
0.357381
0.685794
0.951962
0.790358
0.834495
0.812619
0.999308
0.015066
0.530787
0.999655
0.821184
0.905026
0.141650
0.256799
0.893057
0.039254
0.983371
0.593218
0.005672
0.520513
0.942254
0.966748
0.194666
0.913403
0.838567
0.040812
0.987352
0.988662
0.397089
0.518530
0.095334
0.639330
0.560255
0.306167
0.804090
0.963918
0.983154
0.283185
0.246903
0.044805
0.063799
0.856721
0.703247
0.058274
0.989824
0.969519
0.926170
0.234008
0.649359
0.387739
0.687556
0.630657
0.035462
0.591126
0.012251
0.293828
0.226563
0.048509
0.989384
0.080527
0.957661
0.308515
0.982868
0.934194
0.051408
0.020638
0.820724
0.622565
0.426721
0.138187
0.577842
0.028120
0.620444
0.809835
0.587497
0.163013
0.862180
0.559191
0.029347
0.950939
0.611546
0.987717
0.964295
0.647959
0.752846
0.507760
0.635150
0.354611
0.038448
0.847793
0.461757
0.145274
0.127509
0.718010
0.981002
0.602087
0.016391
0.395175
0.899714
0.733694
0.999676
0.005216
0.221913
0.311261
0.652289
0.499941
0.246484
0.850401
0.043881
0.233794
0.311598
0.660914
0.013808
0.625324
0.784862
0.967602
0.950462
0.966891
0.816665
0.968670
0.936742
0.760858
0.318242
0.272916
0.102308
0.648843
0.906795
0.921680
0.359312
0.204215
0.065100
0.020671
0.439340
0.962501
0.440337
0.082378
0.956052
0.927720
0.378427
0.910201
0.050632
0.383358
0.273925
0.502496
0.255367
0.679216
0.061648
0.283089
0.399478
0.899232
0.991027
0.774701
0.991888
0.641568
0.614902
0.481203
0.603482
0.601769
0.441163
0.751862
0.683600
0.843696
0.157573
0.664092
0.147071
0.347613
0.191681
0.050468
0.151729
0.997155
0.362363
0.165872
0.049749
0.986089
0.657069
0.716839
0.791272
0.044582
0.705891
0.255301
0.812487
0.765037
0.419791
0.823785
0.022332
0.651598
0.450371
0.054528
0.942246
0.969887
0.668537
0.861848
0.729231
0.122970
0.445712
0.974890
0.190269
0.971963
0.763331
0.836146
0.035125
0.504485
0.545609
0.824493
0.753579
0.808753
0.128843
0.295943
0.971610
0.455992
0.656365
0.879185
0.918487
0.206996
0.987763
0.040110
0.222325
0.774234
0.941228
0.193963
0.282704
0.171559
0.991986
0.531198
0.002428
0.797268
0.998331
0.182672
0.458947
0.224631
0.171817
0.981070
0.335296
0.846385
0.786903
0.445309
0.971311
0.768990
0.970632
0.150120
0.115896
0.852168
0.755546
0.817558
0.776244
0.158311
0.834333
0.293466
0.035909
0.791677
0.513191
0.511948
0.079488
0.709491
0.978614
0.990143
0.084980
0.853693
0.940478
0.061973
0.069047
0.265134
0.207429
0.804704
0.074430
0.018750
0.044297
0.811525
0.991375
0.245451
0.990279
0.915598
0.751288
0.123419
0.915047
0.857981
0.226494
0.987240
0.392428
0.954267
0.798617
0.881039
0.276282
0.100607
0.348825
0.535294
0.078114
0.827090
0.628438
0.811905
0.900315
0.526324
0.901467
0.145887
0.068014
0.071169
0.924024
0.210734
0.245336
0.078285
0.958670
0.165206
0.015598
0.250922
0.109325
0.885063
0.614302
0.025876
0.253275
0.663174
0.229993
0.492712
0.968913
0.125587
0.055726
0.841849
0.472466
0.916789
0.192508
0.343266
0.864804
0.359856
0.247390
0.281188
0.956029
0.338863
0.201433
0.173286
0.608588
0.067229
0.771129
0.176632
0.174932
0.754629
0.027469
0.539169
0.991011
0.345160
0.967945
0.373398
0.034512
0.109300
0.128746
0.934422
0.175070
0.594178
0.131842
0.112190
0.634694
0.383602
0.598328
0.338536
0.726794
0.984968
0.352306
0.839978
0.202037
0.998944
0.009237
0.830263
0.698790
0.128325
0.418875
0.576538
0.589215
0.116602
0.085039
0.139625
0.917808
0.755635
0.482105
0.865135
0.264036
0.980390
0.374329
0.128828
0.142968
0.243704
0.609345
0.891842
0.022611
0.058013
0.566756
0.848714
0.807547
0.960950
0.587093
0.622365
0.092455
0.396467
0.690899
0.991170
0.662149
0.376589
0.488508
0.420628
0.130221
0.205603
0.127870
0.022538
0.758133
0.454480
0.201785
0.164766
0.432476
0.960917
0.199503
0.999157
0.686712
0.749944
0.154448
0.003837
0.677837
0.994338
0.609620
0.679453
0.664584
0.301387
0.898268
0.062714
0.734747
0.121803
0.299774
0.785117
0.827088
0.919244
0.730524
0.937346
0.361847
0.611010
0.919891
0.177568
0.099540
0.631196
0.959154
0.992668
0.761298
0.805276
0.641134
0.643325
0.110008
0.323724
0.865582
0.016282
0.971392
0.563763
0.616349
0.779204
0.254461
0.591887
0.634388
0.315624
0.451655
0.625668
0.022056
0.998173
0.849485
0.502613
0.301596
0.978078
0.261963
0.195548
0.494720
0.679949
0.427259
0.638609
0.846259
0.830109
0.396723
0.951471
0.213423
0.029950
0.743954
0.996714
0.004777
0.953962
0.826304
0.320038
0.961812
0.090834
0.026095
0.980439
0.616846
0.906296
0.350614
0.566195
0.041096
0.882243
0.945795
0.029264
0.063957
0.040237
0.616843
0.972921
0.838964
0.481518
0.351252
0.908256
0.871217
0.865287
0.621861
0.153443
0.690884
0.052910
0.907889
0.266763
0.918617
0.315709
0.831161
0.934461
0.224727
0.514997
0.666329
0.039954
0.607185
0.300955
0.040881
0.192585
0.915191
0.440146
0.550494
0.165965
0.445429
0.117570
0.362334
0.751744
0.159347
0.945364
0.135277
0.881509
0.195444
0.895221
0.101478
0.857377
0.124477
0.749583
0.691024
0.352225
0.404393
0.860411
0.360275
0.455747
0.050245
0.900460
0.328133
0.805698
0.094660
0.196236
0.752210
0.846076
0.137905
0.068564
0.914061
0.965182
0.113124
0.152313
0.493442
0.089325
0.864281
0.995376
0.740126
0.539253
0.918874
0.737311
0.775842
0.943253
0.391245
0.112872
0.677483
0.417943
0.384536
0.814031
0.323146
0.118074
0.707638
0.179687
0.794939
0.361861
0.107827
0.203002
0.052388
0.193595
0.941004
0.090011
0.719141
0.021967
0.791800
0.006780
0.403603
0.929192
0.636486
0.806286
0.980753
0.907982
0.573341
0.736934
0.929415
0.021086
0.010276
0.992670
0.908512
0.521800
0.953203
0.745407
0.453277
0.251931
0.899978
0.368369
0.041018
0.038299
0.221688
0.141379
0.084893
0.968616
0.714678
0.763232
0.611071
0.573435
0.991327
0.983753
0.542044
0.718047
0.212252
0.006646
0.223868
0.810551
0.055929
0.997533
0.635773
0.368503
0.115985
0.501277
0.991531
0.106435
0.200690
0.039331
0.754182
0.054854
0.177221
0.133255
0.962730
0.980507
0.831686
0.508226
0.653928
0.156974
0.507809
0.951730
0.544499
0.061557
0.666823
0.752780
0.514090
0.621050
0.410591
0.141033
0.081019
0.939065
0.796841
0.936330
0.618374
0.659833
0.935205
0.488535
0.598639
0.940862
0.453263
0.989178
0.540911
0.099533
0.156563
0.952829
0.051663
0.604314
0.765280
0.151321
0.803306
0.811950
0.857485
0.969200
0.913107
0.512955
0.936562
0.852814
0.614135
0.100152
0.107595
0.550107
0.528901
0.253768
0.045544
0.732507
0.657459
0.525828
0.073918
0.016727
0.633436
0.657937
0.172282
0.955723
0.108559
0.634236
0.901489
0.792658
0.828317
0.960811
0.899829
0.371362
0.670801
0.375016
0.815849
0.061288
0.146335
0.883090
0.847972
0.438542
0.674099
0.350501
0.171010
0.665229
0.008664
0.820101
0.185005
0.555857
0.157415
0.371942
0.597261
0.472256
0.458755
0.724249
0.132618
0.915981
0.170676
0.175117
0.049242
0.440899
0.903975
0.929622
0.992986
0.247250
0.309951
0.141594
0.999145
0.134196
0.661916
0.994044
0.406323
0.977955
0.417887
0.078576
0.159989
0.703532
0.802031
0.023200
0.293466
0.523606
0.738377
0.369132
0.249411
0.391482
0.955893
0.351263
0.329590
0.599738
0.731558
0.029448
0.089932
0.952592
0.716426
0.550351
0.883211
0.991167
0.118555
0.257817
0.919424
0.845522
0.467139
0.296507
0.077575
0.255475
0.868199
0.113786
0.838056
0.335727
0.249825
0.024563
0.399923
0.810786
0.254520
0.608274
0.446012
0.995256
0.057656
0.178517
0.970636
0.256756
0.966763
0.697164
0.752992
0.468936
0.603780
0.999007
0.669501
0.308303
0.996286
0.264506
0.643507
0.044081
0.488092
0.826595
0.621561
0.893633
0.633826
0.548996
0.091251
0.291024
0.198437
0.264357
0.143258
0.245244
0.109582
0.244375
0.987916
0.451409
0.668974
0.806112
0.955515
0.173126
0.211499
0.529907
0.104086
0.729583
0.310877
0.664032
0.984665
0.651547
0.060943
0.955632
0.908971
0.524798
0.447014
0.075946
0.362724
0.578616
0.807548
0.943568
0.734809
0.032126
0.564008
0.088703
0.948310
0.169662
0.820692
0.069042
0.248941
0.106500
0.582038
0.959109
0.124231
0.011027
0.511026
0.963655
0.141427
0.286275
0.491617
0.438915
0.084783
0.694817
0.820485
0.997793
0.337391
0.310077
0.916662
0.982988
0.785301
0.442486
0.097521
0.150328
0.766865
0.999336
0.160588
0.386124
0.291595
0.074645
0.941586
0.366693
0.190118
0.050581
0.681413
0.827585
0.066792
0.752807
0.320513
0.727153
0.702185
0.016671
0.614427
0.424808
0.459420
0.336809
0.994102
0.034502
0.234176
0.556615
0.098270
0.395815
0.900802
0.230347
0.923788
0.057250
0.962625
0.983907
0.025661
0.167870
0.998834
0.025235
0.831374
0.222364
0.084480
0.988084
0.148261
0.435064
0.993855
0.160117
0.970200
0.554515
0.505385
0.628868
0.105274
0.449270
0.410305
0.272977
0.309231
0.182828
0.699274
0.583743
0.162374
0.685836
0.879038
0.466300
0.819069
0.958548
0.936453
0.186263
0.192010
0.006940
0.275193
0.469156
0.483882
0.100005
0.526618
0.805144
0.932281
0.348898
0.685307
0.459709
0.858318
0.320424
0.611015
0.032430
0.711057
0.341352
0.765549
0.835092
0.797171
0.747348
0.388512
0.651195
0.903786
0.012225
0.466001
0.195628
0.647511
0.575593
0.831412
0.116271
0.116484
0.609003
0.992195
0.013489
0.193219
0.103457
0.328876
0.896406
0.112706
0.248634
0.891209
0.594176
0.970679
0.162105
0.995160
0.778845
0.370549
0.138541
0.971823
0.959619
0.052426
0.935227
0.018706
0.489054
0.639987
0.764349
0.971781
0.113463
0.145916
0.955835
0.050609
0.320624
0.965323
0.967223
0.590422
0.387547
0.704738
0.987944
0.713659
0.545865
0.715718
0.054311
0.884391
0.060249
0.423531
0.821462
0.786765
0.249127
0.949896
0.065883
0.976611
0.213402
0.130269
0.040022
0.553247
0.874889
0.138307
0.014362
0.989981
0.976406
0.531754
0.906787
0.621361
0.044484
0.517155
0.866016
0.294007
0.709502
0.846764
0.112555
0.851310
0.902407
0.755727
0.935290
0.912589
0.282693
0.742932
0.994454
0.487687
0.912091
0.101769
0.683394
0.795462
0.651493
0.980783
0.388752
0.077212
0.226269
0.088993
0.791443
0.994064
0.513352
0.178872
0.092594
0.419416
0.992468
0.944980
0.607286
0.081143
0.491492
0.011349
0.847805
0.140827
0.060086
0.457316
0.212648
0.261063
0.883348
0.827888
0.860679
0.384056
0.988404
0.459885
0.954520
0.042981
0.096878
0.945320
0.097348
0.206171
0.708289
0.957064
0.079524
0.954071
0.184104
0.697380
0.272665
0.967405
0.782995
0.569049
0.230320
0.491379
0.254620
0.900980
0.484820
0.547285
0.538971
0.972470
0.354119
0.787417
0.448823
0.607161
0.311760
0.226893
0.213054
0.240406
0.531271
0.176610
0.035227
0.647414
0.443015
0.156670
0.972812
0.018993
0.089841
0.983183
0.969818
0.956664
0.199651
0.993367
0.754634
0.722834
0.992018
0.610324
0.950775
0.381804
0.374037
0.645292
0.708332
0.426933
0.867886
0.647111
0.827917
0.189908
0.939328
0.175627
0.675645
0.107929
0.642039
0.881135
0.695864
0.031118
0.995005
0.742480
0.040967
0.617941
0.167125
0.563649
0.183029
0.796914
0.013422
0.275425
0.952507
0.530527
0.543196
0.497260
0.164526
0.805988
0.497436
0.384504
0.429528
0.594660
0.963304
0.309669
0.221895
0.719576
0.050731
0.039979
0.728413
0.911110
0.870365
0.550354
0.169798
0.655838
0.639461
0.458615
0.911062
0.592162
0.803628
0.917238
0.456308
0.636759
0.919962
0.840241
0.346483
0.559266
0.105478
0.932110
0.204760
0.360489
0.718873
0.868420
0.542226
0.437451
0.946310
0.415499
0.966412
0.008837
0.792026
0.134548
0.452950
0.769449
0.351178
0.286485
0.600683
0.964441
0.566644
0.066933
0.999912
0.103881
0.331540
0.121039
0.985605
0.900186
0.904044
0.622673
0.996580
0.245245
0.444392
0.165728
0.405083
0.538993
0.946404
0.040866
0.009784
0.783930
0.794368
0.579724
0.970384
0.103312
0.021193
0.887961
0.607857
0.355806
0.340690
0.868973
0.181193
0.171276
0.819422
0.091995
0.748120
0.686583
0.868653
0.276480
0.971603
0.794852
0.100603
0.253307
0.124778
0.880241
0.539896
0.704084
0.194335
0.598672
0.231887
0.228382
0.824343
0.052931
0.078813
0.569175
0.884443
0.784480
0.965825
0.710074
0.947218
0.568044
0.468764
0.538306
0.081351
0.853103
0.985683
0.073695
0.893065
0.419585
0.846250
0.713685
0.267123
0.007602
0.721798
0.322299
0.071597
0.422433
0.189725
0.299914
0.282518
0.142425
0.189767
0.467296
0.592213
0.893485
0.940565
0.582997
0.388310
0.882426
0.121058
0.050542
0.262014
0.969266
0.490364
0.441712
0.468050
0.882018
0.102782
0.592775
0.423348
0.136521
0.956977
0.981305
0.428532
0.583939
0.319714
0.229761
0.424010
0.193503
0.201880
0.095409
0.372703
0.737818
0.293448
0.254075
0.283688
0.951267
0.035002
0.532947
0.108388
0.185701
0.681051
0.142215
0.048914
0.764443
0.244773
0.976147
0.279326
0.210373
0.806275
0.005212
0.708033
0.009543
0.882403
0.050858
0.043483
0.948090
0.122003
0.005835
0.124568
0.107635
0.095886
0.306246
0.075165
0.968116
0.192933
0.941701
0.620234
0.079372
0.708820
0.134328
0.899163
0.044957
0.371495
0.296689
0.912951
0.103381
0.787682
0.418436
0.686255
0.427006
0.188409
0.495298
0.024491
0.101439
0.624870
0.709382
0.028666
0.187478
0.979776
0.536732
0.355487
0.970820
0.099487
0.502043
0.981741
0.698105
0.693547
0.611750
0.524333
0.585461
0.010166
0.034773
0.665885
0.088484
0.326536
0.335552
0.706273
0.849151
0.133034
0.635336
0.655556
0.832468
0.964302
0.436022
0.654304
0.850882
0.206920
0.800870
0.341941
0.534849
0.783955
0.149553
0.778541
0.321175
0.242218
0.155038
0.354223
0.694630
0.694120
0.927526
0.993637
0.612060
0.968060
0.864138
0.736102
0.809450
0.871795
0.935061
0.053439
0.424905
0.947440
0.351994
0.709915
0.462538
0.391136
0.203376
0.115159
0.113180
0.565152
0.736705
0.641585
0.351618
0.480269
0.007402
0.575935
0.407315
0.285378
0.047123
0.206668
0.840634
0.995712
0.740927
0.633030
0.902950
0.106511
0.305555
0.146751
0.345785
0.173156
0.908556
0.297682
0.527916
0.783912
0.967442
0.830171
0.177891
0.849136
0.611584
0.622908
0.142824
0.638425
0.352882
0.986688
0.998192
0.101399
0.220621
0.484155
0.006395
0.991884
0.024421
0.030172
0.838599
0.905663
0.845059
0.790305
0.544232
0.953560
0.472102
0.916962
0.320288
0.539650
0.606367
0.029433
0.049465
0.101771
0.054093
0.851152
0.710504
0.992957
0.565373
0.847216
0.795872
0.009561
0.116806
0.697962
0.679518
0.715205
0.624944
0.678516
0.044760
0.939319
0.005404
0.915451
0.885414
0.905362
0.950142
0.882995
0.122421
0.894619
0.627450
0.543008
0.330344
0.890977
0.262602
0.552255
0.969992
0.808954
0.057456
0.927776
0.969650
0.997091
0.698479
0.352069
0.754470
0.011554
0.871126
0.396603
0.865477
0.866052
0.666513
0.520780
0.994612
0.959273
0.565638
0.018953
0.809941
0.216566
0.052274
0.086591
0.541437
0.469479
0.207589
0.848806
0.770909
0.974649
0.309444
0.756870
0.147486
0.446060
0.662818
0.752913
0.440994
0.675109
0.077735
0.027417
0.031852
0.671018
0.304571
0.220881
0.993930
0.700865
0.412886
0.957292
0.034721
0.079668
0.865065
0.016620
0.031648
0.996114
0.855053
0.262943
0.899774
0.016517
0.957928
0.061036
0.077688
0.973346
0.899829
0.830733
0.370926
0.408339
0.865614
0.158757
0.322636
0.999464
0.782375
0.848750
0.470171
0.046245
0.256423
0.986301
0.918114
0.356488
0.897884
0.007997
0.850049
0.269820
0.319912
0.140291
0.168056
0.838238
0.405269
0.278876
0.788117
0.052313
0.341075
0.841535
0.989277
0.986821
0.778521
0.453593
0.833410
0.234792
0.793795
0.925298
0.849891
0.980102
0.762923
0.926204
0.094959
0.453817
0.726655
0.314905
0.464652
0.251307
0.173483
0.335646
0.011961
0.783766
0.625272
0.700169
0.737430
0.004688
0.993956
0.668012
0.406286
0.929978
0.365726
0.632834
0.446338
0.164094
0.997464
0.025992
0.981771
0.334937
0.249305
0.513684
0.857156
0.162087
0.778506
0.152504
0.077563
0.642156
0.838208
0.863618
0.436015
0.241321
0.985322
0.956967
0.746676
0.948952
0.914058
0.904819
0.199355
0.393179
0.105536
0.586837
0.562644
0.957760
0.796640
0.999597
0.716767
0.131198
0.775942
0.403820
0.432392
0.104224
0.671976
0.425140
0.775598
0.715370
0.928582
0.461354
0.665042
0.809707
0.522525
0.203399
0.326932
0.977626
0.093127
0.057021
0.085787
0.092632
0.175462
0.391431
0.745669
0.967104
0.325413
0.649742
0.891995
0.499425
0.821539
0.892723
0.973177
0.327056
0.783033
0.994832
0.925795
0.576372
0.096407
0.429771
0.521216
0.619808
0.409944
0.467177
0.744507
0.957614
0.787795
0.535320
0.447849
0.069472
0.284505
0.784158
0.017448
0.156327
0.868872
0.366997
0.117621
0.344471
0.010063
0.115058
0.838351
0.963548
0.867724
0.777362
0.302442
0.019745
0.560522
0.654323
0.067745
0.049940
0.003678
0.668952
0.992348
0.962781
0.057202
0.091707
0.906886
0.932473
0.679433
0.977968
0.210019
0.097856
0.087335
0.435394
0.787279
0.382229
0.156636
0.981077
0.124186
0.722587
0.964298
0.095164
0.915902
0.854304
0.005848
0.984065
0.951690
0.817553
0.052503
0.584113
0.071829
0.651546
0.150372
0.944897
0.309296
0.996614
0.327922
0.963644
0.675398
0.095533
0.331755
0.684514
0.016587
0.012573
0.157619
0.152032
0.691771
0.869015
1.000000
0.936125
0.040630
0.035662
0.460013
0.971546
0.834311
0.960883
0.842034
0.783565
0.814110
0.873688
0.525597
0.219297
0.007612
0.507834
0.371335
0.695691
0.024663
0.198155
0.979464
0.056866
0.689264
0.957420
0.488285
0.929640
0.506042
0.187611
0.879474
0.974652
0.950597
0.416987
0.449347
0.725914
0.068433
0.301453
0.961117
0.982809
0.126644
0.455910
0.609255
0.844187
0.618733
0.308840
0.302353
0.181381
0.993823
0.994235
0.330138
0.148386
0.485168
0.084127
0.117898
0.820575
0.002026
0.640873
0.112340
0.314535
0.926231
0.140828
0.227664
0.290263
0.174651
0.208338
0.719095
0.169609
0.539763
0.970550
0.521112
0.144565
0.524544
0.248374
0.778366
0.945621
0.150365
0.981206
0.929702
0.280800
0.937001
0.975567
0.259722
0.417899
0.023943
0.996801
0.938618
0.411297
0.265208
0.927245
0.125767
0.260683
0.817226
0.084213
0.045205
0.010100
0.068995
0.682473
0.816482
0.366671
0.236415
0.916510
0.862793
0.942499
0.157766
0.978994
0.297738
0.441775
0.133279
0.393357
0.243418
0.744902
0.962362
0.046129
0.150953
0.575815
0.091370
0.934374
0.941088
0.917983
0.920990
0.686899
0.560304
0.419513
0.501901
0.033390
0.510041
0.508510
0.350642
0.568849
0.052771
0.331668
0.982533
0.928566
0.152224
0.521975
0.964391
0.003844
0.739520
0.921822
0.646072
0.674536
0.890977
0.071118
0.983865
0.371401
0.689143
0.995082
0.248094
0.060636
0.026754
0.080600
0.139802
0.259188
0.448648
0.599130
0.774892
0.892402
0.053345
0.846136
0.730885
0.860065
0.488792
0.892774
0.576844
0.428479
0.957655
0.756171
0.978486
0.255348
0.788260
0.978636
0.770688
0.206651
0.855166
0.044922
0.643344
0.544736
0.554031
0.093415
0.968884
0.293380
0.197715
0.666063
0.864822
0.663332
0.966086
0.876840
0.997190
0.008203
0.747594
0.873898
0.144073
0.261873
0.659054
0.926498
0.071516
0.223745
0.834675
0.655119
0.943941
0.989187
0.891056
0.698965
0.299938
0.951079
0.854919
0.261127
0.880930
0.308648
0.652394
0.275745
0.677511
0.956649
0.627994
0.270934
0.297108
0.746168
0.929272
0.706665
0.852501
0.254645
0.801730
0.827774
0.466691
0.123960
0.081645
0.698447
0.165230
0.340847
0.992078
0.143655
0.709411
0.302048
0.180729
0.201910
0.078216
0.108131
0.890215
0.629863
0.434513
0.687688
0.352456
0.788885
0.155712
0.555018
0.627042
0.413455
0.992730
0.650959
0.719953
0.394383
0.846665
0.246024
0.606261
0.907669
0.006895
0.992654
0.010132
0.831960
0.245228
0.615434
0.488544
0.700772
0.822766
0.999468
0.962016
0.192817
0.252596
0.378986
0.237298
0.274538
0.672084
0.997560
0.826825
0.063731
0.183860
0.761955
0.236719
0.750398
